10000 10000
1 2
5913 8500
5215 8338
5691 8703
3823 4071
5644 1032
7585 830
4136 6742
9360 8296
5962 5111
2069 3220
8927 3385
6382 7543
2821 3800
1131 3284
5686 6594
593 321
6904 3677
6833 3205
6413 9204
9249 3707
4879 7481
5622 9401
5140 4757
4782 2466
5001 390
7299 8723
4179 394
2934 6521
7154 7774
9563 9622
2392 3465
6985 7842
4034 3985
895 3716
7479 3773
4024 4212
9163 5868
6544 5385
9205 527
1185 8303
9768 3958
8716 6658
3129 7208
3242 6533
98 3625
9259 2271
8726 4667
3705 6388
6668 2215
7885 3954
6305 3063
6243 4985
3700 5381
4781 1929
5647 863
8597 8631
6495 5624
1380 3884
7419 8603
8036 4785
3082 5485
8537 2250
255 5739
9043 4152
9038 7540
4128 9493
5991 1605
2115 5782
3272 5812
9996 4855
6351 3136
712 2042
91 4416
5875 9508
7722 1582
8765 2790
4390 2008
3292 5657
3683 1482
8864 3580
6169 6197
4406 5269
1895 9949
7759 2159
678 1376
2441 7468
1472 5620
3432 7261
965 8680
9690 4194
1741 3019
3967 6921
8037 4010
6863 1982
7899 3763
8135 7029
2358 6833
271 8083
8351 7577
425 8696
6893 7382
2251 4588
8049 6798
145 5182
4201 1715
9759 9976
1149 4951
6511 2084
6551 9564
8636 2016
1127 2167
9451 7023
9846 1195
3303 33
6353 2002
8172 7673
9829 5651
2187 4316
8572 462
1944 6271
5688 5899
6851 8172
7796 7455
930 6883
3084 7350
2256 5207
6620 5213
9322 1192
7318 8532
6394 1612
9477 1627
376 3079
5167 2370
5235 1156
4008 4771
4395 7172
6986 5153
5481 1858
4937 390
9972 5614
3405 681
7096 562
957 7725
1450 6468
8471 7006
9731 718
1977 8577
1870 7288
4420 9051
4782 9533
8848 2285
8519 8942
9173 5405
943 5095
9541 2484
6710 5730
4592 4655
1172 8206
3206 9774
2229 4376
9010 4800
8385 214
5494 9467
4381 7755
5634 6070
5310 4759
7519 551
9899 6557
6674 4591
3146 9872
7151 808
3679 5089
5924 5268
3827 9666
8456 4568
619 5313
3579 1407
265 5910
8965 247
5703 9259
8750 3315
3235 1145
4140 6495
3395 1062
4333 3575
433 3763
1998 540
5178 9088
2613 7098
3999 9385
5734 5590
9544 1893
5469 6202
4590 6883
3996 883
6693 8847
7727 6164
4959 1572
7134 5933
3494 1697
5319 634
4515 3589
4806 6972
1431 5169
6465 1852
8348 194
2053 1719
8021 1076
5596 2942
637 2453
6009 8718
6341 2709
176 4530
8614 251
4901 5334
6866 2851
7085 7574
9101 8354
3821 1082
4449 3852
165 6863
1947 8985
9340 8649
7328 8449
1105 3429
8174 479
5513 7540
4511 677
99 8540
9640 5212
7081 2476
9304 5421
1718 8218
5912 2375
5368 7275
2678 2704
1527 9859
5107 9817
3777 5603
9725 7267
3122 1748
9549 9968
5757 3240
10 9900
4863 3842
4140 6822
3639 4683
9282 689
1368 3152
5870 7868
8694 9182
4430 1022
428 4859
2466 9912
9709 7391
3054 713
5454 3459
9388 8685
8215 9800
8039 8383
70 8011
5464 1462
9398 5812
5373 1005
4397 4999
1653 3436
7992 7924
7153 9909
73 5174
3390 9474
8042 2804
9991 9485
8174 1896
4099 4556
259 4804
9286 1949
1579 6068
2841 9474
4104 4407
1232 225
133 9290
9484 97
9875 1495
4088 5932
9049 2014
7053 6179
7594 2358
6238 4126
881 7650
8297 2803
8060 4009
9574 1527
9939 7623
266 6579
1127 5618
5069 2441
2092 7016
5233 2040
7408 8166
737 5840
4220 4437
1275 6606
6226 3224
3467 4065
7724 8323
2798 1141
9454 4214
2279 980
4479 8548
3936 2849
8025 3637
7062 3358
242 5399
5581 745
2154 1407
795 5533
8729 7093
3935 7236
1774 9085
878 2299
5156 6700
4423 4494
7145 8566
7347 5340
2770 9748
8687 4635
9071 9033
8624 6427
9725 8452
3208 4083
7221 1768
847 9870
7878 5927
7214 6791
2692 7751
5408 1935
7468 1448
1583 5906
4258 3778
6546 5777
8368 9716
2561 9130
6889 1667
4214 2696
5710 577
4335 2020
6085 3804
8861 1364
1898 6163
7694 8053
1250 1532
8842 2778
8891 1390
8007 5786
8868 3888
9255 7787
4168 2038
9973 30
9873 2238
2928 2653
870 2242
7228 2784
7120 9231
7504 4213
7067 6290
2303 9106
2284 1269
9227 8688
317 5212
7511 4660
7597 6291
6747 7150
2510 4564
8194 4503
4166 1317
5916 9724
9790 9111
6762 205
340 6503
5316 8363
1037 6157
5242 8502
2711 6126
9322 9566
5542 4327
6137 5937
3577 4380
6341 3366
13 6887
1729 5362
5913 3116
1396 7327
4240 7699
3374 9261
8364 5970
866 1136
3251 9997
3521 7274
2101 4283
7809 5819
9636 9075
6922 1749
8811 3853
6414 9691
7217 1545
6594 57
6150 8930
8622 3434
8392 2346
1342 7890
7789 4000
6199 8823
4794 199
815 3771
1326 6227
8883 4100
4532 4535
2739 3388
5819 4919
6030 9362
4247 3539
3845 6384
8648 1657
4697 9424
1258 8662
8483 6558
85 9979
6925 2934
1493 866
2108 2346
6783 8299
6726 1912
5532 4403
1853 1149
7531 3702
1894 444
958 9723
4525 2918
2006 6525
5176 3830
4874 5024
563 9766
2780 6884
9357 2411
5940 3019
2720 4757
9495 7895
2707 5939
1580 4668
9168 9543
9446 2238
4843 2378
6027 9371
6946 4700
4167 56
2749 7829
2987 3945
8045 2647
3149 7253
9762 8924
1503 1752
223 3470
2202 7241
7411 6005
1653 6258
2204 3954
2916 4120
7960 6788
3306 1841
2165 2215
1374 7005
6951 5674
7698 6901
1309 7215
5763 5177
7238 2179
4834 4287
1030 112
6942 9893
4860 3944
3396 4596
208 3808
5598 7074
8314 867
6133 6186
8927 9669
6927 2559
8861 8695
4745 822
3885 1582
9902 5608
7650 159
6675 6971
1184 3315
4424 5927
9091 9032
206 8231
2007 6320
9400 8013
4885 7338
4144 2821
3370 6836
3604 7387
714 3181
8772 9744
2401 4476
9209 9276
1877 2180
262 867
1635 8331
356 8518
6257 8743
5875 5854
3660 62
8352 1272
3147 9952
6712 8888
4350 2961
4815 1230
3088 1957
5575 7360
7768 5858
5183 8428
3591 5812
3007 9026
8376 3766
3143 5407
6721 3509
3175 3029
9746 4478
6787 3640
2231 5524
4466 9958
4275 5150
8606 819
5357 9315
9072 4471
1802 4344
7783 7177
6393 2741
9314 3874
9443 1404
7658 6618
3676 9719
7457 2674
3416 3996
8776 6866
2625 668
1416 8712
8196 932
5307 4678
4582 6857
1593 3888
5895 7229
970 1971
9639 6946
1694 5723
337 5757
110 5120
623 4622
5753 5152
8499 3017
3074 3172
2949 700
6222 7313
8317 2165
2240 1338
9622 7697
2385 8692
132 7912
8261 3639
9946 4315
3053 2882
3292 7030
537 6600
6330 5117
1651 8032
4663 685
6557 4792
7825 1859
9371 2380
9095 5563
9455 4625
6853 7614
1864 2022
6514 490
1596 6966
1807 1042
1724 2904
6396 9702
4730 8251
1468 8333
3953 9428
9718 3627
8713 1083
3922 1252
1577 9526
7128 6201
6918 6590
5499 3588
8259 4163
2841 1197
1763 7260
373 4187
4159 3291
7608 5390
8496 6980
195 4685
8589 4222
9623 9126
3978 8211
8440 7507
9100 2368
7241 557
6382 719
3437 7390
7329 49
5860 4939
1108 5029
4589 4235
8264 5189
2719 757
7717 6476
2123 3074
9148 6296
4800 9334
1046 7494
2752 6367
8957 6947
6233 5704
2912 6199
6542 201
1331 4315
8142 7100
9293 9601
3417 7504
5026 9159
1903 2810
2661 5029
6941 8242
5752 8624
5514 7608
9388 7126
453 112
3196 5664
167 7946
8975 6296
9331 8748
880 2182
9439 3931
8814 801
5570 3295
6720 698
5176 6996
2820 1747
3404 1746
9898 2723
8668 7908
9107 1376
8051 4509
5946 9687
8622 9370
2611 2824
1952 4687
8118 6399
7985 9095
9708 3205
3086 6548
2327 9239
9106 3369
3579 2965
3029 6445
4802 5364
7043 2305
2683 2745
8278 7114
6419 9614
4531 3978
9758 3980
4205 9085
8661 9464
3250 6819
94 5120
2875 9493
6713 7355
1448 1886
9514 2853
4056 2195
7239 9906
1274 4414
8528 8717
2176 1713
1238 655
9176 6575
3779 8729
9343 9269
7992 6847
5287 7092
9706 7182
541 4069
2548 3703
356 1736
7327 3451
1976 7648
5618 366
6256 7142
8408 8460
7836 8797
8114 9076
5641 3965
5933 8853
4459 5057
8338 8314
7109 667
3917 466
9398 2546
4556 7042
8667 9521
4945 1292
7912 1309
5416 6129
7350 335
1793 6031
6340 7294
5807 74
8291 4114
4374 6914
8759 5355
5026 769
8388 2504
6905 8874
2765 6530
5117 6135
9870 8889
1861 5546
244 2429
7005 804
5332 2565
3872 3994
4810 5754
8815 8954
7438 7643
7276 5283
3614 9268
6575 5259
8275 3589
7148 4865
5182 9831
1931 8688
6043 2706
3871 4924
1795 8366
1298 3824
4903 1645
8386 1835
8479 731
9438 1948
4294 9430
4427 9966
7328 6205
310 6382
8218 7068
3965 8174
715 8224
2431 8561
2445 2262
6221 8316
843 6088
2845 4063
4416 6471
3964 6840
8865 4682
9312 1125
9834 2535
8102 853
757 6779
9282 2296
8850 8806
7746 7257
1588 9415
6995 9750
9701 1906
6203 8972
1133 9844
9221 5872
7997 5129
6867 5612
9577 6929
1276 5186
6000 2699
2334 2103
2743 319
5748 6001
3057 7511
593 2323
8447 3979
1873 5241
7787 8576
2068 5314
2416 4194
8547 8868
7204 4576
7569 1859
4868 9833
9327 3479
9092 5184
8573 1978
7321 3820
8142 6472
5448 885
6178 5241
2672 2037
4259 3546
8475 6720
2241 2073
1923 1781
6337 2075
5473 2484
3290 8000
122 8672
52 8679
7491 2714
7806 8234
8413 2988
7709 6456
8519 3363
2034 1903
7197 572
5292 2710
4314 24
3333 8742
3206 4701
3105 4846
8929 5190
1271 1961
2611 1612
8434 7400
6930 7695
2392 7792
8000 849
3595 8135
5510 7525
377 7809
7338 5092
9205 3571
5219 8948
430 5935
4557 9055
5457 945
3819 2716
7537 9357
6670 8955
2231 8952
3043 8829
9237 1893
3124 6674
5086 830
4024 6415
3954 8747
9158 7004
2099 9890
4186 813
5864 6002
9854 9631
9676 4079
7515 3626
5846 6477
8103 3521
1301 7873
7818 4440
2935 3254
4355 6638
1677 3516
1815 4091
5690 2392
8156 9004
4700 7651
8745 2573
4545 2921
5462 5484
3451 1492
5061 681
8564 536
283 7816
1466 1678
4207 6180
6705 535
7321 8771
2824 7629
814 692
7124 3393
935 6129
7597 6655
6339 2074
8790 8987
5915 1149
7375 5769
3955 753
4276 456
8971 3220
7796 9946
3012 3549
4964 2990
4016 8884
5286 3750
5146 4981
4816 4071
7091 6237
7904 5338
6097 2157
3744 9087
1111 565
676 9100
858 8799
1946 9479
9376 2172
3733 6540
9819 5516
1806 7083
4882 6947
1207 7706
6570 9196
1701 6156
2062 823
8402 497
8406 7942
6439 7747
3565 7060
7758 7793
1377 1352
9008 7646
8134 8936
1025 4374
7036 4935
8058 2707
278 8060
9047 60
8051 3475
7359 1367
4324 6356
4347 1686
8782 6471
9028 8044
5908 6817
1617 1323
8707 3887
559 4389
5041 774
2538 4467
514 4174
2292 508
2176 1919
126 7108
7279 5861
5009 7552
675 9584
2413 5893
9495 9002
2793 1364
611 685
7698 8195
6511 3545
866 2095
4698 9780
2898 3469
7984 8564
1003 1692
6901 8698
9084 7682
3673 7597
6214 6862
3033 5824
4126 8515
6906 9044
3897 8283
7102 969
621 4254
5361 3035
9714 1211
2359 8624
2066 9009
3427 4730
7311 4656
3732 8578
2419 6351
821 4700
3560 1204
1174 7022
300 9305
7976 2241
1564 2466
6582 8560
1363 9864
4408 3741
4853 7764
2074 1482
2511 2138
905 1924
2940 1083
8151 2732
1091 1713
8938 2662
3571 7284
133 813
1702 687
4393 7695
8476 7509
8719 5779
6323 6310
7693 3394
8343 4799
6580 5376
9797 1018
6205 8814
1249 1175
3841 3422
2509 4436
5534 5201
2089 9907
5074 2327
9247 3220
5677 8143
1342 1042
7660 3070
826 4811
436 5414
3870 1793
2037 8274
451 4974
5350 3899
8290 9666
3840 5021
2972 1233
7874 9470
3379 505
258 6765
6132 3696
9786 6139
7150 747
8650 9812
8243 4446
4820 775
7367 9499
4136 6554
4362 264
2603 7013
1460 6198
3274 676
8338 7148
5952 5043
2557 4149
7364 5310
4121 8254
9976 2770
5291 6376
3759 8820
2928 6990
1655 8773
9092 7053
632 5514
3018 321
6276 3968
8910 6934
1475 9227
3391 3913
341 1212
647 883
1562 4688
6386 4643
3030 5512
9738 1109
1117 4209
108 2201
8534 3569
6553 1738
4420 7647
8965 2873
4122 7178
9328 131
3345 1924
1745 4466
1396 6038
9690 4602
5103 6517
1798 1575
3214 2843
600 3027
5422 8651
3447 9456
8237 9567
431 4864
182 4586
5892 8942
7697 5459
7207 3133
8233 147
8784 6829
8777 6161
6423 9429
4822 2454
6518 3049
2594 8435
9348 1960
1293 8878
7643 1328
9133 4320
2371 8002
2889 2547
4219 6436
9480 3959
6300 8528
8816 3821
4684 1937
5289 5485
7422 4080
9154 2799
2660 5808
6600 377
701 1736
2076 290
1126 5620
4241 1773
8127 1725
6310 5673
1230 7629
2528 2369
2605 6274
8608 7880
1848 2852
4313 9214
5953 2746
8595 3936
2281 4063
1276 2951
5165 4733
7263 9146
5592 4606
9925 8332
4189 5357
8598 9671
8881 7601
9856 3899
9496 3235
2613 9591
791 9135
2733 1078
9667 7122
9683 3855
827 7102
7418 9081
3734 8481
1511 5992
700 8318
2439 7145
9352 6289
9750 8652
2220 241
7272 8247
4950 7543
3199 794
2646 6451
5832 5740
4905 6342
9606 2625
5713 7100
3288 6230
6733 5340
6242 6426
1735 6323
3811 9952
8694 7163
1742 6190
7490 8081
6916 2669
2813 9301
5999 4543
5007 3979
2661 8349
8025 7910
860 7675
3887 422
726 1477
3784 4643
5192 1563
4832 5892
1405 2339
9745 9309
3052 1185
4417 6871
5847 6796
5235 6513
1750 9750
9144 7900
4764 8845
6336 2245
5611 8695
8601 9112
6090 2047
7003 18
7421 7661
7237 4494
1197 3172
7882 7740
1450 6149
8224 9769
1120 1239
2615 715
9227 2883
1682 5733
2131 4705
8762 7417
4304 3563
846 9108
3474 2946
9503 8524
1380 4666
4262 3768
3610 6386
5423 4984
3980 5830
8370 6239
282 6332
4795 1922
499 7288
2068 1156
5865 9882
9828 7677
2599 473
7663 8610
2762 6057
5930 4996
2165 6137
8662 9711
9916 1520
8127 1705
1472 3949
7276 7954
1344 6580
7007 6702
1371 8896
8711 9885
5707 2691
403 5327
9451 9325
8988 8659
6644 2464
846 585
5536 4216
6035 2269
3316 7995
7057 741
3758 3111
5585 9521
2814 4663
8460 4488
1241 3479
3260 2213
8643 6817
4935 3014
544 825
7373 9650
5431 6973
9884 5523
6197 8594
3107 1559
8900 3441
8339 1077
4968 783
3032 8623
9292 6302
7706 6386
4456 7276
8978 8874
5151 654
6231 1354
373 7714
581 956
6870 8250
2765 427
3087 2712
3286 3072
178 7202
601 6630
4502 7944
8711 3262
5743 9225
4794 5241
6329 2535
5585 8439
391 8
4270 154
6009 1050
1900 4214
2072 3899
3974 9018
4585 3125
5582 8894
7406 6389
2427 4845
3181 5685
4110 7750
1811 7178
3116 8596
8075 7699
1085 7554
8839 4493
2008 8464
3452 5504
7409 5482
1641 5504
5054 2311
6159 5431
5106 9597
3245 5909
5452 5165
6039 812
8409 5889
4663 9617
8942 7637
4549 8000
8415 1537
2208 4042
2521 6211
6124 3808
2629 6248
4266 3872
8113 1059
9741 6734
6339 2942
339 5027
7623 6583
3582 1727
3986 2616
8939 2844
6530 5691
6636 7696
6346 4113
4788 4305
9465 4398
9573 3859
4758 5123
9680 5221
1468 8105
9667 9862
4091 965
5294 9995
7919 5203
2959 5400
7271 7834
6483 4282
4123 2197
5128 5935
4925 7216
9304 252
3831 9994
3745 5340
4090 6900
3169 7510
7283 5927
4099 9196
5799 94
6662 3936
9254 222
4168 8183
591 9299
2248 399
6227 4447
6187 8449
5594 4420
4416 6528
6486 8698
9433 8803
9201 1013
1409 9292
7443 6506
8304 816
3175 8172
5339 4628
5933 1242
4984 4752
7198 8158
22 3561
8847 5119
3495 8270
164 9391
2157 4872
1423 2335
1769 9901
9451 2534
3629 5669
5516 9464
3440 5656
4877 2708
9182 3915
8532 9091
7888 8748
5099 7043
8717 7499
4239 3564
7711 4385
6656 4281
7213 1261
6644 3822
1581 9185
598 992
7943 6420
7981 7553
7459 5186
3206 2318
2536 2964
9619 8242
5404 386
5221 7425
9293 9264
5603 1658
4678 5300
1147 923
353 7243
8709 6080
5962 4439
2107 6220
5084 1688
8530 7693
1882 8350
7126 6676
6849 6577
5945 779
1474 4763
2616 1867
6068 6189
6174 576
6687 7562
5747 3355
1695 5787
2423 4488
6060 831
3022 4089
9045 2706
2957 4218
3780 5703
1796 4508
4001 5182
5997 1101
8994 3316
6421 7068
5322 5713
764 9301
4673 6040
2319 4736
6132 6699
2229 5949
6999 1427
7384 9902
8542 8987
7275 9954
2947 2190
1659 9376
8550 68
7557 6172
4220 4794
1862 9674
2889 2632
242 165
6184 7964
4568 971
5483 1844
4552 6670
9195 1158
1525 4845
4518 2807
3138 1045
4977 1999
1732 3434
3788 2023
7412 782
681 904
4107 5506
9348 3610
4472 2358
8638 9053
9559 7660
3837 8980
1513 8541
103 3393
3794 8153
4269 5896
4156 736
4852 8162
219 3922
9118 9257
2684 3083
5735 2845
4326 4599
3782 8095
4394 576
4693 1247
1299 2810
1434 3324
1987 2485
8359 5193
4737 7380
9702 3592
5201 8729
332 5036
6821 1534
8206 8722
6495 7737
3587 1409
3565 6604
225 6015
8891 121
972 2864
7383 4233
6688 1114
8087 457
8724 6255
7093 951
6737 9022
8961 706
6706 2636
1917 4283
5523 5172
9301 3839
6148 6741
593 3937
1770 7197
9516 5404
595 3955
6242 496
9785 1849
8294 1156
2256 6923
4495 5801
8672 3416
9031 8371
6845 8613
2239 1904
9297 5782
6951 4712
581 1932
6087 5597
4971 2616
1403 4626
3456 989
5009 3691
1806 7019
3878 1520
6794 6328
3215 9163
2464 4431
1822 3443
8558 5359
4579 6741
2936 1650
2083 3033
1318 5708
4371 8880
6038 3622
6238 9883
6802 981
7498 3369
4306 8497
82 9879
7321 601
99 128
1774 5887
2956 10
6609 7173
6741 7687
671 7627
1439 6141
3195 3339
9703 838
107 9978
7796 4931
4894 2444
9314 4742
7626 5435
7970 1392
7894 3773
2786 9152
1679 8991
2500 4728
9863 9087
3077 7316
4975 1980
8171 4377
7726 2174
7827 5225
6094 3641
8778 4553
441 3838
9811 8795
4299 7890
3231 9313
7553 1274
5103 6338
4767 6139
2460 1575
1870 3771
5392 7803
6513 6863
4630 9180
5305 3038
2516 9376
7119 1868
4131 3983
7386 3325
8251 2807
1093 693
2006 8703
1938 5244
3450 5057
4000 2714
6655 893
6534 5840
3403 9778
5687 8488
4013 2593
4311 9566
9274 8406
7961 743
3986 8332
1451 9110
5128 8647
1744 6498
4709 8784
4426 7679
591 2075
9540 6188
7472 9620
9286 2299
2292 7719
2392 5740
8235 7221
2294 2029
4255 2801
5364 1237
8569 32
3005 238
6052 1970
3739 6395
9567 1949
4366 5073
3262 2032
7124 707
6647 2990
4925 985
8253 1163
397 6357
7119 7642
4283 3872
6094 7467
4805 8481
4113 1292
3783 4857
7502 9720
6057 1421
4345 6266
4553 6868
1890 5094
2325 7269
6911 4789
2081 7890
4460 473
6866 2116
3538 6190
3441 1692
5353 2311
1194 4626
1742 5288
7125 8176
3838 2311
5155 5155
6117 8353
7439 2143
6709 8034
3534 4529
5688 1830
6962 3436
3939 2876
690 5328
3677 7499
330 9988
5608 8611
7651 7191
8741 9971
212 6980
7827 1867
8490 4761
3012 4022
53 4492
4650 1575
6476 8452
8314 855
1975 2376
4440 6892
376 3800
7377 5758
369 4869
1014 9195
2306 3875
5161 6204
8280 7256
8891 9887
2838 3922
9367 4429
7412 3466
2678 8670
6263 426
3224 100
8456 5021
3132 3577
4706 6579
130 9814
6394 1513
6532 2684
2541 751
1295 3653
9412 4086
2732 5507
9601 5572
841 1116
1221 5869
5048 8191
8340 3187
1718 525
9673 9305
6907 4564
9100 1194
1726 7675
6666 328
647 1754
772 3027
7764 9303
5488 6825
2911 9630
1326 3152
4717 8716
1255 2985
4794 9353
1124 9735
2930 1896
4012 7293
967 5668
517 9960
157 3102
1575 4841
3141 4930
3639 8456
451 7889
3149 5216
5950 5938
6700 835
4885 5211
562 9217
1007 9576
3896 5516
222 5890
5944 5037
6685 6460
2675 7489
8252 2360
1166 7657
5657 9597
7921 2273
4530 3348
378 4212
4239 1032
7061 1074
7880 623
4184 5614
2442 3371
615 4608
6491 4854
5652 5199
6326 1455
2869 3684
6245 2797
3066 3587
27 5496
1404 7486
7609 2422
6701 3115
1038 1139
6847 299
5830 8514
2611 7104
9214 5050
9783 1191
2627 2325
4036 6558
6954 151
7538 1757
8267 9296
6596 8436
1107 2637
9424 1251
794 960
4562 4399
7626 4041
9004 7395
8818 2671
4903 2898
4154 8279
9386 8673
9424 2592
3219 9641
7177 4563
8862 2417
9298 3441
9715 8795
4769 3768
5498 1106
1864 720
1206 293
8782 6116
6508 7162
6064 4981
7508 5493
3131 8543
8371 3269
8415 4002
4853 8521
1086 8423
2147 8053
2726 5929
3107 3710
3688 1228
435 6892
6310 7894
3924 4532
7786 6786
69 8213
9907 4042
4974 2980
3207 6430
2825 7648
9210 8043
3322 4372
7953 1012
2696 8399
5585 6756
8935 4488
189 6555
5499 1637
8831 501
5417 801
9826 959
504 2973
7092 8515
342 8254
3440 6404
8203 8850
2477 8054
711 5525
3709 2657
7240 3250
3177 1579
7999 1238
1778 9148
4716 1292
2 6882
2931 9519
1687 1794
9462 7615
8147 2528
8360 7440
9256 2814
7753 3869
3400 780
34 9264
4694 5170
1706 3407
8843 4539
5238 6593
6874 2326
1529 6363
826 9925
2551 4751
1552 8597
4139 9881
2333 5249
5967 958
5342 5874
2358 5664
8744 993
8668 1633
8513 2967
1759 8833
9226 2001
8369 5861
6977 6442
7858 7803
7153 7452
5943 7150
228 3338
4438 2535
3159 9905
6060 5495
6738 6334
8949 7547
4672 4793
1449 4267
7605 1619
3968 9848
8297 1456
1898 1937
8963 6224
674 5450
5177 2891
3370 9954
142 8998
561 9767
7386 7959
8212 6874
9039 3619
7732 2689
506 4013
8413 5895
1321 4269
5781 1768
203 745
9811 5350
9905 8142
1128 5482
6052 9793
7533 3526
338 2443
8650 2778
9350 7505
3965 2621
6223 6947
7605 3114
8747 2606
1508 9879
9669 3978
1162 4014
2574 33
6758 8583
6869 5990
5479 4720
5991 7545
4846 7425
1965 8355
2822 3773
2823 432
2540 2537
3232 9821
8127 5217
1975 4965
8932 2022
1752 5933
2790 5845
9526 8921
2976 5879
8521 6194
6643 1439
5574 724
5607 2347
7871 7727
1900 6060
3384 2239
8491 3696
426 2770
2557 1640
2317 340
2605 8084
8662 6896
2058 8320
8342 6432
2447 8436
7667 9046
1076 152
8432 8667
4806 5248
2894 8502
414 4709
7650 4766
8140 6248
8157 9778
9270 9787
8069 7614
2846 4464
6505 3658
1864 8320
1077 1094
8044 2929
2821 8167
8978 374
1823 4260
4137 9643
3159 8603
5380 7536
9427 158
2052 6633
3727 4244
1517 7510
8781 2475
10000 7094
6213 2171
628 9839
8434 9445
6260 4811
389 9141
887 9014
2569 5451
603 9942
5675 6117
674 4190
1401 1110
6581 2082
6397 3510
7689 8553
6692 663
7076 3518
979 9242
2860 3184
1367 5238
5827 6436
9651 7116
660 788
278 7499
3104 8213
6947 2603
3893 9840
3 9928
2053 4005
2144 8543
8176 8997
5371 7506
2134 994
5948 1007
7258 1619
3352 3396
4175 1625
5803 7213
4337 5844
1084 3751
8272 9583
7722 1087
4218 8802
9933 561
3921 9105
7572 5057
2427 7012
2314 5265
9958 4035
5608 6261
6330 1307
1868 8307
1963 3387
4556 8258
4190 2393
1198 4496
7689 2105
4398 3616
9562 8849
6828 6574
1739 5801
201 5186
2410 6406
3890 7937
5420 4333
8543 5461
7653 9339
2327 9946
1554 2508
8766 5843
4965 9892
8436 6220
812 9842
7628 5484
9845 230
1243 9672
9454 4914
7209 8233
2798 330
1200 3435
8570 4146
8098 4138
5025 2992
5741 1792
8602 7130
6125 7312
5632 8135
7584 504
6853 1651
7784 5078
3795 212
9903 153
9081 2479
1842 287
8701 5738
3765 1713
6035 2057
6965 2150
766 7154
1918 8683
1634 8641
9907 703
5445 7989
8499 8628
7178 2759
8628 4415
885 232
4796 1720
3899 3372
1822 9464
2218 7992
4542 1814
9059 1554
9013 5981
6773 9387
2770 2855
343 2460
5632 6300
6527 6077
4287 6932
1436 6845
79 3024
7302 1819
6914 6445
7886 5450
2700 4111
9814 2235
7900 4700
445 9308
5584 6128
7532 2151
59 6202
8684 6878
8857 5786
4486 3210
2655 444
4622 8469
4970 4438
8962 6738
1667 8087
6805 7017
6294 831
5416 2222
5915 9200
2320 8346
1285 5139
7460 4846
6476 6676
1691 6688
4738 25
2846 6230
395 3114
5043 8807
4819 4976
7462 8128
7890 8917
489 1109
813 9755
2129 4691
3607 1050
2450 1481
3913 5828
5615 6347
9056 7661
5120 722
33 2264
9568 1408
3127 8079
3302 6123
1248 2673
5705 3316
1249 8292
7455 3347
6420 5595
9131 2438
9921 6468
5815 9785
8609 7471
5559 5834
6529 3406
2235 4664
1921 3787
1547 8785
8401 4646
6974 7651
2329 9799
532 2116
6601 9569
7962 1943
4720 153
8522 5854
1717 5071
622 2907
7568 7218
2460 4831
6141 7910
1059 6345
7313 1570
4149 2298
175 3290
4844 6397
6172 8827
225 3695
2496 9416
1913 4026
4888 5199
5291 7197
1453 4136
2015 2535
3704 4202
9665 3242
9495 5352
2171 5895
8168 9992
22 7102
7824 387
7626 8067
1215 5720
5045 4485
9146 3968
8610 1405
6698 2885
490 4396
8226 963
5279 8410
5685 3502
7279 3167
5783 9435
2415 6184
58 7028
8745 6939
2045 7037
6580 9128
1957 7251
5082 8901
5647 6597
8241 6160
9961 841
5775 2235
5277 2190
3494 3945
7788 9140
1304 3591
4635 5590
540 9361
7129 3739
7610 9847
9076 4032
3781 7670
1502 6414
448 5460
2867 6099
1823 3942
6186 5264
4317 9780
3721 6720
4975 4808
6721 6521
5515 5008
5361 3854
6177 354
3080 5671
3402 7058
6543 5160
5647 990
2742 6357
27 6307
7074 7098
6544 6662
1517 3545
6868 522
9783 3541
3924 6810
9358 9872
581 9927
1626 1110
2467 5550
6833 6442
6712 2821
6358 2847
4700 7366
8929 8708
9802 612
3195 2660
831 500
3481 4995
4489 6736
3310 136
9226 1667
7407 3243
6806 5330
6997 1208
4803 7106
3801 4934
5073 595
7889 5533
6377 668
293 1336
9065 7800
7189 3948
8631 1680
5050 1174
6821 1494
1414 1207
686 7440
5701 723
6506 4001
8085 9178
8905 8694
7169 3711
4401 4699
7165 1307
2177 6711
3990 8108
8965 9604
46 3888
5114 856
4906 2276
835 5590
4139 2843
2332 7978
2868 1803
5184 2581
2409 5631
1138 8070
2960 4362
2016 2930
7317 1874
2105 2946
7063 8770
6990 6968
7270 6889
5762 4796
3714 6910
9743 790
7950 6714
9179 9251
5733 1825
1445 4321
1088 7238
3789 6667
5001 6537
8288 9630
1815 8468
3946 9790
9816 3559
1013 7030
2965 3954
5641 6289
9039 7708
3949 5729
3857 9624
9150 2505
4259 7534
767 7420
3981 3117
6642 7866
1106 7207
8972 2593
4570 5482
3589 5498
4560 1698
4202 2833
3239 679
9436 7345
3012 1706
1868 8592
8148 1565
5864 9266
9633 2111
8275 9338
3778 7221
2513 1445
2761 8811
3725 4860
3740 8944
2091 8121
2188 9729
1173 209
6258 2152
3907 4758
8564 1699
1579 3246
2361 3357
2818 9846
6763 7763
2916 6146
9900 3999
9206 1563
8710 3058
224 2032
7470 4308
4532 6309
1366 5959
152 4500
2622 1204
7575 926
3611 2833
5661 8155
7282 1402
6841 2872
5121 9993
8231 8530
7092 3792
3023 3579
5728 8987
1103 8423
4687 9649
2924 3809
1555 2960
4306 9068
4881 115
5516 5826
5959 9230
149 9781
6297 210
2880 5479
2901 666
3094 3777
5013 9290
6102 8711
397 2814
8696 133
6939 9737
4062 6600
8675 8352
9152 454
451 9513
7652 4803
4020 5755
9360 4138
1515 5312
1543 1116
4217 668
3605 1913
2768 1407
8015 2650
5545 8045
1491 5303
3329 765
1770 8324
9069 348
4725 4424
5805 7319
8600 8966
9073 414
3146 6249
9989 1973
8332 2872
516 5595
1212 5034
3490 2837
1597 3496
6247 7583
7841 5298
9312 1024
8606 4153
3078 6590
93 1913
8062 4676
3123 7630
4453 5629
4623 457
8918 6279
2313 4819
9092 993
8890 9434
2963 5667
9115 2768
1153 7850
139 8401
4781 6234
1685 7330
6974 2134
7510 5438
4012 1089
3280 123
7573 3664
8782 1769
4758 7515
2621 4949
2254 3619
3923 2134
8639 4022
3828 8584
7271 4316
4499 3698
1165 5024
8886 8475
8205 8595
5316 3098
6883 171
5866 9322
2146 4514
5470 5689
2586 3581
788 7822
465 5912
7513 1811
1858 3367
1528 2269
7205 773
2929 8934
6273 775
514 1902
686 8942
3441 3754
6970 9486
5388 3203
6588 7005
9928 5449
5336 1432
2580 1343
6028 4268
7822 6963
7937 7173
4737 8600
1895 5976
1014 1202
3195 9456
1498 6223
1869 7596
5750 628
1638 968
8207 335
2478 1022
6237 589
711 7824
5614 9865
4030 4182
7480 3348
1 8497
6793 7347
3353 4886
2342 8279
5638 4249
5031 9955
9664 2477
5511 1098
3210 6581
13 3792
686 8194
4090 2743
7966 5580
3117 4351
9989 3147
6124 8641
548 2751
693 8982
907 3164
906 453
8317 6907
7197 3684
3641 3082
2883 7895
7274 6360
8325 8557
9409 4562
5255 1290
2154 7242
6405 4374
4511 2542
4715 8989
246 7621
5720 7472
7376 7490
8148 1652
3310 1656
3683 4025
8804 6548
8237 7475
2105 9625
4867 2686
4440 3755
6948 91
8327 4903
7695 6659
1214 2663
2399 21
3767 2176
9955 62
9146 802
8854 4668
5037 6581
3779 1519
7785 6644
7667 9918
6336 2620
8206 6332
1686 3474
1345 9897
3153 6136
9582 6689
7943 1296
2068 7507
2065 254
5924 2040
6696 9916
8646 2606
8384 1428
3958 5220
161 9140
5314 8713
736 2531
8568 7447
8257 5188
1359 9828
5085 8107
9065 3745
9731 4414
2231 5267
1451 1558
6818 6182
1701 6858
8281 3116
1046 6438
8655 4525
5931 2021
1835 6163
9471 455
2604 4535
973 795
8378 174
5452 3608
5096 7363
9545 8605
790 4913
2959 3005
3047 1471
5412 397
5729 4689
2872 1141
3567 1717
3989 8616
3195 7491
2971 2629
3805 5622
242 3364
8834 4251
4101 4736
1773 18
621 345
5782 805
9568 8791
9151 4485
4969 1125
4849 3013
8958 818
8385 5463
5708 4967
4225 1209
2390 5513
8862 3764
9717 5845
8032 4162
6805 9368
6258 4925
9389 7006
9480 8186
3900 6419
9850 9034
1274 3437
6171 50
7436 6258
2946 4167
3148 8730
1581 1042
3273 4441
6409 2583
1974 3743
510 5865
5994 3806
7587 8443
1849 559
5445 9122
4018 188
7382 47
8542 8039
342 787
5541 4549
8714 9887
3841 2884
6161 9616
9892 4276
2284 930
7992 6382
4200 6799
8380 6006
9852 9732
2753 1140
6309 4323
5359 8356
8486 2921
331 9069
6556 3484
3991 1864
202 9824
8927 1397
9973 8781
7770 8764
8607 3171
8209 6467
776 3124
3136 9727
277 9735
7751 9785
5927 6039
3925 2300
2953 8669
6004 6369
5060 7353
5300 6195
839 8326
2792 6774
8785 4369
2282 18
3038 6632
1560 8170
5115 6398
7926 6177
7176 9132
4528 8572
5063 1753
5015 994
440 4776
8931 2816
8043 1412
2048 540
5748 9285
8319 2139
979 8438
3323 4597
2393 6713
4539 9032
4756 1362
7950 9607
5220 7878
8065 7197
3255 4845
2265 1480
2558 3435
59 3955
6001 3208
8336 7569
1294 6987
8530 6866
5393 1583
9139 2228
4390 5955
3826 9562
3263 991
5476 9917
7769 9513
572 9603
2182 7898
3640 4982
7706 5343
6555 1143
5829 2316
3539 9067
4076 9135
7895 715
7044 5383
7870 7880
9723 5198
5613 8342
6180 933
8632 3860
9985 3312
8302 7225
6617 8213
9926 9514
2524 1602
4039 5270
9661 8812
8004 8604
3525 285
7843 9147
4553 8137
1323 2646
1998 7580
2582 6270
2975 2430
5221 6066
6293 7930
7954 5025
8758 2545
4149 4098
2497 6796
5653 5865
8305 7819
7508 8906
3572 6901
7632 4442
3044 6102
7316 6951
8586 4486
444 8724
6811 9384
3350 9339
5418 4837
3300 5242
6646 5461
4359 5426
910 350
1057 8492
3057 2311
1724 5637
7624 3882
133 4397
4129 4491
8025 6640
8302 7205
8280 8961
168 1537
6609 2764
2463 874
4847 1050
795 6838
396 6377
6941 7533
3237 8063
6877 7953
7889 6068
9752 4941
3834 3954
5519 4925
3063 1219
5942 5339
1151 659
6142 2910
6834 7030
6763 1268
6084 1604
1661 3758
9410 9752
2429 6995
729 882
1174 2673
4855 3587
6108 2208
1357 7340
4669 345
5843 4810
3026 5975
974 292
3237 8548
2004 1707
63 9041
1604 1654
211 4489
1197 9774
5362 2889
8291 4719
2791 7917
8922 8392
7777 9199
6267 462
1561 8558
9145 4830
5627 4462
4651 2814
436 5200
8932 624
7693 5074
782 8181
2221 7976
6378 912
3807 9360
5581 5033
2835 4068
6094 6940
1580 6694
4200 2781
3906 2587
974 4345
1133 6219
5461 3560
4412 4842
2770 8969
6840 2340
9258 632
1938 1435
7737 4491
3383 4669
8781 4532
6641 477
4538 5594
9268 5698
9951 5453
7351 6853
3273 5046
2016 9480
577 6001
1266 5781
9477 8524
5312 23
5449 1205
7319 8471
7379 2412
2457 2279
5668 3218
9883 3307
1184 4008
9776 8849
4336 8052
9524 4434
1311 2409
9776 4907
5186 4425
6571 5968
938 5204
2464 6688
2965 8080
6935 2641
3474 3583
5110 3377
3895 8081
2171 6763
9905 6959
3622 7428
4724 2267
6017 1322
7439 6017
7534 7345
3025 8172
9800 1450
7990 1896
806 2052
2343 7273
3366 3610
138 7748
8482 4845
6280 5809
1011 8013
3939 7440
371 1927
6874 8271
4196 4612
673 2924
1804 4646
615 9944
9943 527
5618 9655
6884 6576
2510 9119
770 7446
7820 1247
4372 7945
1617 9447
6462 8224
9329 1040
4055 4099
9998 1731
1306 7336
4423 7966
7703 6468
6041 8099
1085 3243
1689 4605
8020 4979
9537 441
4916 1128
4550 3947
2566 4989
3573 360
9967 3202
7207 4456
8614 4086
6421 2936
8029 4689
1336 7351
2012 7920
1411 6597
2911 1382
9174 2973
2497 7486
3104 7523
4297 9495
1034 732
6604 5246
2146 8962
9433 5564
3789 4141
5600 6762
5134 9284
8291 3542
8968 822
7316 2185
8245 4827
6536 5529
3585 8663
5637 9297
4865 4101
6591 816
1389 1539
6571 4990
9315 383
5907 2055
6749 7730
4508 6864
7184 6349
5583 1293
225 5946
4809 335
5617 8860
1700 339
2035 6044
4499 7002
6159 6499
7652 9545
2486 9322
1172 1478
5345 2941
7498 8445
905 2513
5617 2981
8390 7995
3380 4766
3862 445
8535 8846
6259 1566
2793 4636
134 3414
9788 4931
5608 7675
6079 9977
6881 4657
8358 5558
5804 530
33 5980
6801 7855
5678 1602
3737 8115
7683 4558
1517 7706
2784 4228
9127 5163
9246 2413
1099 6638
7252 8134
3051 8684
4140 1710
426 8823
8885 4559
2147 2040
9766 6587
2090 6509
2671 3346
4835 7495
2258 4560
5849 8073
3669 4676
4453 7916
2391 6335
4504 7465
6695 273
2548 1636
1083 957
928 34
8745 2361
7542 242
4482 5466
1627 7376
3103 2077
9346 8743
6218 117
1102 7216
3997 3419
5751 5115
6207 4467
7237 2556
606 1123
9546 543
1726 9447
8565 8625
3903 6338
1364 4587
2174 5472
2374 4765
5571 2565
9108 5924
1742 9863
2526 34
5694 2974
9025 7155
3987 1022
862 4253
471 3628
4204 6641
6440 7470
7783 210
4634 6151
2011 8501
4683 7463
4488 311
7520 633
1676 6556
5816 4522
7007 6108
6333 8040
6203 5926
1845 2769
1315 5688
866 2433
7300 9562
855 8739
4926 5771
8300 3632
9367 5428
6361 1187
1784 6777
9046 7928
8184 8322
3851 5320
2034 6586
2786 5190
3342 6000
1748 9957
2579 6722
4551 9715
4432 5999
1430 5968
1419 5141
2775 2553
9762 2448
9389 6778
1194 6989
5479 1632
4426 9340
1177 3625
7899 6168
1085 5899
7155 3445
2008 6560
2396 9889
1149 5789
9163 1714
8571 3038
5532 6855
8666 153
3616 8507
5638 2550
5816 1826
7965 8059
8103 999
390 6764
760 3783
6154 5227
5459 9729
585 9261
9417 5617
731 608
459 2082
6896 7563
7224 6349
3432 3336
2226 8200
9055 4380
9069 5125
7957 7517
9514 4826
9534 5724
2160 2822
540 6340
5214 3815
5105 6521
7240 7305
3279 3850
7706 2819
4164 9928
3892 6828
1434 6036
534 8262
6264 3776
6672 3428
1987 8063
9890 8467
7238 3770
7381 7008
2707 7940
8882 8614
8172 844
1651 3510
5486 9587
1507 6419
8067 3189
1464 6397
1209 9068
5748 2704
9633 3665
5376 4014
9924 7479
4538 5732
6000 9278
8534 3109
7756 8584
3949 194
5212 7950
5708 9075
4005 8126
4442 6447
5886 2883
5983 2759
6019 8396
8576 1119
2764 3083
4286 2541
1341 4770
264 1538
7890 9238
2233 4317
3196 1878
2215 8064
3489 8017
3214 5459
3174 3488
305 9741
52 9981
8530 15
3446 1485
9064 9678
8445 6665
6508 5625
3010 4987
932 1167
7736 7503
8477 2602
8521 7216
1627 4861
1510 3522
8866 9116
8261 7211
573 5031
5049 3586
749 6410
4369 6699
2156 3779
2534 2589
2585 8793
7708 5956
2736 2425
7047 5068
5890 8442
1550 2398
6765 1214
3988 8319
5197 8982
2031 4155
9958 9997
2771 9424
7610 7717
4557 2307
6463 857
6358 1304
2263 6228
7722 6693
7332 1420
6861 3204
7778 6998
3733 9849
2283 1060
7438 2449
2326 6046
427 1259
5672 2493
9571 1874
6674 2050
6247 9352
6046 680
7488 3422
2389 5637
241 5030
1341 3930
9238 2266
4785 9157
687 9026
9051 6110
4165 7380
5824 3730
4577 3341
4303 2814
2875 7737
7732 7395
1368 7338
980 8607
6234 6651
7363 1611
5926 8625
1461 4230
3525 3164
4586 6724
1206 935
1632 1704
7945 1997
8144 5313
947 7770
1258 4126
6417 468
3443 6969
3304 321
4509 3023
9629 377
8478 3580
8992 7217
3487 3422
3555 1915
9169 9596
2554 4024
728 916
1853 917
892 8274
1644 7541
5382 9239
332 5496
8765 5769
2135 1089
2375 6275
9186 1460
8296 5932
4601 2973
4745 3220
3352 2986
9694 7502
5280 8123
652 1342
9555 560
6235 1048
9656 988
7045 6457
1063 5149
4878 6485
1581 1940
710 44
7005 6408
6785 8968
8862 1882
6938 7526
4274 8099
1031 4704
776 2691
8503 244
8915 4165
1655 5152
1769 5346
5687 875
2706 2810
6160 7741
3426 6771
3030 9464
9949 65
7856 4099
7068 9312
6445 1045
5050 5050
9434 1183
7265 7400
5581 187
2902 1401
779 2496
427 6199
1187 152
7338 9194
4982 3406
9157 2465
9699 2292
1656 5523
4340 7836
2303 486
4662 3536
5770 9426
8377 3420
4898 8662
9550 7252
7917 452
5273 1433
2576 6829
2224 2873
9780 1837
6818 8591
815 9065
315 7817
5781 6068
8909 1717
9458 2506
410 2710
9213 9432
1817 4467
7767 5699
9202 4351
1871 5839
7755 6222
7897 2707
9497 9252
9621 7976
5083 5433
1111 9120
8160 7523
2614 478
8995 6384
9120 3310
6447 4194
4900 5758
8433 4118
6940 7479
61 6703
9513 9813
4492 1546
8105 4162
8144 2776
8083 5739
7014 1296
1584 7580
2039 4557
8615 9764
5687 4745
2987 7941
7445 6897
5216 5545
5028 1780
6058 7598
8733 1256
5713 2143
7063 1084
4344 5736
4407 5130
7470 6199
157 5842
3619 8454
3105 4778
3032 7261
5483 3109
9258 1304
8645 1414
4341 8931
4124 574
7234 4770
4940 8216
2678 4761
5924 3001
9827 8657
7838 7544
4817 6059
8286 2639
1246 6526
5328 9547
4942 5683
1672 1064
4439 5978
5827 1109
8927 1927
3155 2168
7987 1596
3867 6577
9461 32
7555 1329
9517 4727
3989 1495
4788 459
1509 1542
6673 886
1620 2749
225 6266
2968 4626
530 1033
2903 1931
482 4473
4635 6991
1420 6755
2083 4565
2464 2277
4804 6216
1393 5707
2254 9133
1690 3071
6671 6602
7285 8017
7356 5367
5850 6230
8597 19
6793 1351
9526 7296
7413 9751
3447 2497
4916 209
2211 5540
4320 821
6518 6767
5519 9409
3409 6288
5740 5284
2631 9322
9776 410
5663 7304
5755 9318
9855 9534
4136 9273
6085 7470
2019 5175
5674 7214
2369 4260
590 1087
3832 6789
7941 1209
6805 2420
6524 8027
3129 489
4189 391
7948 1992
1879 1906
6180 2589
2664 5693
9890 762
1894 8878
7764 4533
6539 9879
3838 4796
5560 5706
563 9114
5940 816
368 404
1000 7084
9968 451
3742 8098
8483 5736
9629 9954
5978 4201
9987 3790
1256 9939
9996 5784
7319 1687
6814 6377
6275 2219
6248 9430
9187 290
6914 275
3167 3113
5775 9868
8347 8304
5475 3415
1777 1763
6655 725
9561 4199
3286 2228
7565 5770
2280 4849
2509 8257
3066 1458
441 9748
8662 7680
2224 7630
9283 4082
5842 2021
3474 2192
4446 2232
2742 921
1992 6206
5876 7299
9867 2429
931 2618
6318 2973
9083 2733
105 2841
6315 2513
9661 8916
461 2838
1756 7199
5380 9317
5701 4677
690 7262
4712 5097
3231 1386
5942 6336
1116 5849
5670 4045
335 5321
4439 3365
2987 9392
3503 2844
1776 2292
1815 6684
4623 9609
5549 5941
8889 9669
4643 7080
1230 2609
7180 1550
4086 7427
6870 1557
1002 9733
2483 2335
5642 6830
8486 6719
2046 6314
6667 5488
2242 6520
2234 2289
9690 2771
747 682
8782 464
4669 3774
2269 8192
9494 3494
3617 6930
127 4117
4072 2946
673 7700
9395 432
5093 5120
4127 9289
1077 6789
1553 8951
7469 1644
1211 5299
7887 5747
4955 2887
141 6347
6865 9134
7283 6319
4060 1203
6755 6412
5451 8695
7363 9947
4885 3139
2379 8487
4722 1110
5641 1598
426 4964
2764 8301
4272 1233
5458 1043
2734 3800
8106 71
9522 1329
8498 7708
9900 9129
1283 5059
3346 8726
8645 6345
4 6585
1131 6574
3216 417
4562 457
9520 8319
3244 1781
1474 3625
920 2679
9001 8353
812 6483
9602 694
1213 2828
8690 9847
1906 8969
6944 3497
5486 9879
6873 1053
9010 7469
2059 7572
2409 7577
3297 9336
9612 558
1468 4718
2626 784
5303 7071
2363 8467
2546 6870
4125 1782
9780 6926
402 6050
5828 8385
290 2626
1355 1500
8911 7284
2381 7596
7191 5732
689 5234
2000 1077
5455 6350
7028 1624
3474 4632
5883 4187
2161 8380
3724 160
8000 9216
5424 7163
3643 5382
4243 3402
9805 8749
5700 7873
5479 5286
9221 1520
4354 55
1542 7735
9625 8215
5217 5019
8647 2218
4074 3338
9804 5585
2270 1693
8824 729
362 7713
9846 1985
7844 2733
2278 9564
124 188
6738 6631
6742 8140
7015 7979
9282 4128
3763 9298
5395 7966
1161 8451
6509 6384
4045 6115
9564 1064
6581 7207
9035 479
5287 118
765 4608
5584 4976
2463 8627
1596 607
9308 2773
2701 9147
7972 8327
7625 2202
450 709
8665 1946
8919 5496
9255 1139
4045 6381
9098 64
8808 4071
8640 6085
5595 8177
4892 9941
9979 6645
2303 1346
4838 3100
4735 2006
4892 3443
5907 118
8561 1356
1922 9948
5448 8345
6712 3820
368 6864
9546 1190
3995 3275
625 7652
9458 9996
7810 2414
296 8238
615 9214
3975 7382
2630 792
8961 3372
9732 4817
2187 2390
4273 7418
8767 391
4297 4839
2901 4644
9407 5383
6835 9591
8498 9014
8399 9691
2422 6742
8124 5942
5728 8412
9079 5960
3805 590
8282 5849
6629 7647
7144 8384
6050 8774
2595 2373
9404 4508
4284 1137
6097 4861
2457 8359
2485 4341
4491 1486
3990 6427
3050 3340
2017 66
7827 7639
5771 149
5766 6054
8071 5134
7313 1557
364 5524
4270 2213
4525 8733
48 724
9053 4951
1127 1969
4379 3822
1945 3683
8087 6762
4247 1312
7336 7053
7142 5539
6820 2124
7890 5391
3668 5174
1071 9573
9661 2298
8342 8628
4123 8113
8754 2859
8363 4102
9055 8379
7858 1791
5814 881
3739 9003
5834 5289
3629 1295
8446 6303
8314 1411
9216 2998
9789 9100
513 8413
3892 8189
421 4676
7790 8083
9604 7866
6882 1215
2372 2546
1707 5747
1637 9645
3321 5424
7211 1152
2226 3111
4814 2228
6508 7905
367 7555
1825 7735
9670 1885
4937 7377
5696 8635
8301 1674
9717 5868
9416 805
6679 8589
7797 566
8092 141
5328 1631
726 9811
8063 3057
6475 8226
7327 9633
7021 4424
6242 3721
8399 7152
9636 6288
7022 7002
8131 8369
1664 2250
1694 6061
7566 3409
489 1578
6855 7088
1755 9580
445 6976
9596 6030
3684 8237
9919 3472
4089 8126
2032 5969
2589 8181
746 1764
5925 4861
9246 8957
3028 8746
6531 259
813 7774
4407 4107
7229 4524
3039 3906
9763 6348
5829 6492
7538 9330
9011 5665
4666 553
9934 4768
2240 1133
3880 4475
2098 8628
973 3321
602 5514
9263 2211
7636 8297
11 6847
1867 2557
5742 1944
7832 6499
7134 7164
124 3834
1719 8094
3812 7506
2303 9399
3070 723
3237 8087
8156 6979
1759 5125
1089 1745
4345 9200
3289 6110
5349 9453
2135 1395
3820 3066
7707 5935
6585 7244
7977 7960
1542 5774
933 68
1132 6561
1010 1041
3772 6259
6816 3369
300 3352
6133 7766
6281 8972
8767 8674
9978 342
2517 4482
5027 2632
5598 8047
3032 4522
8002 7413
3416 3611
8213 5257
3503 7285
4724 2356
1037 7689
9558 2850
2470 2291
4467 8667
7339 2763
3811 5997
1338 8490
4880 2656
8681 7490
8528 4318
1575 1069
4879 3870
8250 471
9840 2067
8621 83
4222 8072
9172 6746
4479 8340
7403 3433
774 4051
4378 2270
3754 4339
4602 5164
6278 6481
5771 4958
2579 3064
1654 1936
665 8430
3942 2838
1209 996
7596 939
6874 4953
3566 2287
4356 345
7758 9040
8905 1085
836 9448
6059 4307
7814 6358
3690 9868
6911 9147
2683 4586
2827 2231
970 3525
1557 5359
374 1748
1393 8572
9098 9575
840 2686
6434 3749
7350 7355
2998 4732
1154 197
1167 1209
4598 4238
209 550
8515 3401
4476 3305
5036 7887
9641 4376
4079 2606
2320 3687
3248 96
3214 8400
93 6835
1151 4524
6265 9749
155 6522
1784 860
5236 4366
2599 224
4272 532
3135 8762
9557 5980
1488 6553
151 4462
5313 596
9821 7485
8867 9522
5909 7895
6044 2974
9199 9075
3122 2850
2389 5569
7267 4189
3521 5801
7499 3436
9336 6298
8327 1790
427 1852
1565 852
7029 7669
5488 9894
640 330
2676 3856
5457 504
9090 4808
119 580
9897 6701
2897 5467
1404 7397
8225 2291
7438 5251
7299 4812
6066 9803
1091 605
3198 6508
8856 9280
1375 1967
4415 1901
9506 5604
9331 3204
1995 7369
6259 5417
9553 5069
8684 7700
3000 6216
8056 6888
8324 5934
8040 8699
7508 2156
1073 402
1504 9302
5878 9537
4291 2386
1083 5594
4786 3100
352 3422
587 7846
6593 5908
6110 9473
8599 3793
4345 7716
1880 9891
7736 7537
6973 7822
2506 1949
8549 4070
7095 4531
895 4440
6450 4189
946 8618
9646 7199
8968 5798
8778 363
3260 7782
5619 4517
9938 6430
6686 7335
1490 6835
912 2267
8387 3770
6103 2393
6806 5835
7732 2399
634 4306
307 5827
5283 3258
7890 2088
1667 7476
4477 2594
9286 4341
3882 6010
7131 2913
2095 7354
825 4574
4975 5065
371 3923
4941 425
3728 2471
9676 2728
7751 6321
27 7867
2664 7776
9082 5775
8977 1912
833 2384
2500 6366
4252 9506
3518 6300
7422 4147
6432 3809
805 2241
45 1601
3156 6848
5608 803
5779 2049
6901 6039
552 4797
9274 5868
2536 5242
1053 2551
2096 8750
7084 3882
7629 2594
6037 6216
8274 9556
1417 2102
7494 881
2129 335
3344 5976
2625 9404
1213 5806
2811 3794
4616 3072
5098 6083
3149 9444
5450 9780
4221 9850
5252 3033
7270 7394
4967 1456
9811 3179
5004 215
596 5338
8273 7535
7287 3049
8489 8164
6864 2617
8275 8079
8489 906
3746 5829
4778 2031
3689 1123
8832 7134
1027 555
7018 3185
1599 2273
2218 1960
7033 6329
309 1661
6024 9759
1876 4682
7186 3277
2363 4823
1744 1685
6978 1797
4343 7163
8881 749
4521 6359
7893 7460
3472 9325
868 1979
21 5798
5810 782
1109 6896
1437 2340
9956 4344
190 2492
4177 3389
4180 6075
2654 3593
2912 495
5545 1611
7010 9298
8842 7878
1871 5299
8137 3964
6786 9902
8022 6575
4473 8863
2142 8091
4554 4049
7577 8215
2592 5932
7083 8630
9219 8219
6182 431
5850 2970
304 1188
525 9621
9371 4870
2173 4695
2511 8603
9212 6583
9945 8714
2 7080
3769 2743
6310 66
6444 9285
8313 8035
921 8831
2626 4084
3933 6129
6689 8272
780 109
6721 3645
1613 9608
741 4290
2436 1997
6931 7574
4324 5521
1206 9180
7174 4837
356 4526
6174 7416
5533 4253
71 8267
9721 1554
2844 242
6401 3486
1691 7277
8545 3862
4418 6981
2115 189
8338 7379
606 5739
6916 6018
9515 9527
4960 6076
9832 7745
7852 941
8831 5614
7884 4177
2061 1246
7872 5299
4512 256
2002 9727
191 7699
1875 379
5192 4999
8256 8966
7771 6696
5281 5633
5932 7762
6578 1542
8907 7473
1751 3967
4480 608
5367 4067
3874 2323
4955 9886
4682 642
3011 5699
2682 8961
7732 949
3465 7231
9578 6830
3301 5880
3860 7967
9768 594
7196 5400
5088 8456
2026 7488
8690 6482
114 897
8343 4236
6250 6081
1619 452
4520 2741
2052 1779
9140 6566
5497 5922
1863 4370
9688 9993
9811 2328
4645 9867
1325 839
9294 7744
4317 6908
1769 4524
708 8734
5181 3506
244 6611
5577 5387
214 9348
6037 9290
1719 7880
7541 3666
1220 9886
185 125
9436 536
3164 1902
8103 6408
3900 5144
7858 9945
8205 1069
5060 1767
4914 1068
7481 2213
8892 3032
7234 7578
6788 8162
2249 6916
594 5732
356 5565
5306 6289
4820 3652
6351 8556
6900 4416
8824 6186
1044 243
7751 7351
6204 588
514 5495
7508 6742
2075 9829
4304 4263
2944 943
6460 514
2613 8056
5744 2290
712 9840
4998 5136
5613 4825
7022 4894
7100 3063
5446 5332
7761 9955
8076 7308
6987 946
3074 5870
7614 4111
3558 6299
4280 3140
1394 6431
7829 7458
7773 6993
9887 2643
9366 7876
3663 973
5749 9031
8143 2214
8976 5557
3835 6749
5865 2409
2772 4124
3719 2472
7769 4804
3434 6083
7753 9032
484 7533
5673 81
1712 305
3853 6211
2456 6063
4351 5517
3910 9823
8108 3057
8029 4763
9941 2161
5029 6608
9745 7151
2383 3623
7509 6107
9636 1275
3377 3373
721 5309
4519 5894
3500 8714
965 8568
1292 9214
8827 9268
1687 7565
7386 7031
7283 456
3831 1084
6866 1403
5296 6121
3818 4871
6095 8088
1638 2312
7654 7989
4061 4398
3236 1946
9716 4666
4154 9312
2533 1167
1448 638
8445 7234
4362 1951
5571 316
430 6149
4487 8536
4496 3261
1619 7202
2165 7543
3066 3193
4145 4587
1989 6354
2221 1078
3387 6299
1944 3120
5236 191
304 4634
5195 3351
7342 9610
2868 2734
6451 2103
9035 526
9201 636
982 5986
364 3216
2145 8137
1251 969
4976 1077
7148 9088
9923 6906
8048 9317
5195 7463
1975 1473
1507 894
6845 6854
9930 900
7880 5698
9080 5061
9210 5662
2209 2571
7315 9655
7670 1650
5805 2511
9640 465
9753 4209
6800 5954
8936 5867
4246 4512
5543 1788
28 2902
5526 9598
9157 2933
3550 5308
4988 1856
7662 9539
1196 3491
6146 3239
3773 664
5517 5177
6221 4976
9940 9869
529 4202
5795 5076
9014 2828
1001 4033
236 3197
5226 1666
8312 4770
8379 8641
9326 5306
9783 6029
161 8494
7777 4482
9634 1733
7375 1118
7603 8120
243 7545
2484 3323
3167 8269
2190 4959
876 1840
6246 9166
8851 4487
4170 7571
5530 8503
1063 6845
8656 2327
7006 4306
8763 6250
1133 3227
1186 9803
6657 9501
6546 8424
5740 7257
1901 3454
595 5971
3885 3041
8292 1990
9452 4183
5617 4644
4559 6770
7387 8498
732 4924
6311 6166
5765 3774
5903 8924
2584 8033
886 5492
8415 8997
454 1372
4590 6719
6539 5751
4553 9227
2972 5306
1258 8919
5344 52
4824 6988
9088 4357
8233 9743
8529 3169
1943 3053
1462 573
2175 3285
1957 3277
4102 1733
5997 3218
6818 3856
867 1826
8444 1409
3470 425
2912 650
6748 3043
3065 635
4631 7520
7864 6696
5645 5933
1782 7477
1408 8405
2134 4008
2532 6307
5307 4468
6536 4356
3759 7153
2912 9372
4114 274
884 8723
6480 8982
9795 1708
6212 3516
2674 5627
8350 2558
8100 2055
6876 6903
1820 2272
388 2072
7399 2440
9108 8958
5359 7821
4439 8856
2491 5302
6307 9822
5767 2843
3745 6258
1430 6851
9605 5892
9282 1336
4806 549
3141 7052
2862 9524
5496 2266
6402 752
9315 8721
2501 2911
2641 6352
2255 195
5586 916
985 8513
4521 1305
3782 533
495 9187
2651 8976
2219 4154
1853 8825
4667 1391
8694 3239
4291 2498
3324 8012
6423 1114
4143 9948
7432 537
447 8261
6044 6226
3415 487
7026 9707
1732 6820
7030 2304
7341 6226
7500 6222
2841 7641
4878 7683
233 4048
2712 8365
2515 616
2022 4217
5168 5528
3333 8005
9987 4296
8667 5795
5301 614
9146 4292
6530 7473
6801 1009
763 7500
7265 5576
7299 2854
832 7454
8901 2927
1299 1941
5191 836
4873 6698
7956 7924
6619 9655
6197 2607
6386 9391
246 2285
3953 3113
481 2292
6668 3469
434 3845
252 7487
9195 6228
8520 1848
6336 5873
5295 9802
6576 8873
3371 3261
2498 7632
5264 9944
5335 490
3404 2340
880 2287
46 2112
3164 667
2110 4831
5449 9696
8891 9799
8817 1374
2484 8778
7137 2779
3062 6869
8048 2756
2474 3839
2517 6366
4695 5666
5747 5039
3397 2337
1584 862
4991 7879
5100 755
5414 4230
9009 4713
3894 297
3830 8661
8691 4150
3358 9055
1284 8690
8624 385
4470 138
4188 9439
3300 7568
6909 3410
7405 9699
8988 8209
2614 2748
4161 3700
8166 8851
6011 4277
5887 3224
5536 5402
6116 8064
5609 8163
4658 1661
9198 7844
8148 19
516 7219
3927 947
6805 1348
8640 3
2058 9601
6430 1496
831 5977
8397 2534
5653 3873
8845 6810
1088 209
3957 8871
1310 8823
3682 2405
8463 7010
9341 3058
5733 8931
2009 8852
9040 951
1264 3664
4120 6463
9468 935
1124 848
2100 705
5284 7341
5240 3310
3172 5062
4518 5193
491 2768
2403 7691
6762 7743
1565 5132
8176 1981
7497 6317
9997 5958
1989 4670
5027 8052
4734 8264
9877 4244
7422 8017
4131 9895
7610 1055
6742 1717
5219 3253
2164 9555
8901 6675
4216 5307
9040 9682
9229 3893
4620 2218
2876 4420
8583 1834
327 2008
8435 161
2463 8675
9872 1108
4851 5929
4356 5220
1066 8253
5918 5485
8792 9994
649 4763
5473 8447
3574 7245
6911 7726
272 3920
7142 5763
7262 8153
4907 6504
2846 1147
8692 4775
4659 6985
6596 6989
5107 2142
6731 2945
9870 7735
9276 6591
6026 5725
2104 2907
1336 5430
8364 21
9776 659
7587 5757
8143 758
9924 1418
1060 1542
7723 8596
3040 2550
7218 9669
7912 9303
768 5855
4995 2919
5315 7495
1438 8252
4506 9146
8714 929
4168 7694
5336 2457
1367 4106
244 3890
4576 2154
92 9264
6885 1699
4479 2534
3969 4460
7186 9864
9285 2821
9422 114
7042 7883
3475 3977
6290 8208
2624 3420
1462 6610
3885 1278
8645 1068
1351 2224
1876 2484
210 8025
1023 8738
7483 5530
605 110
648 588
3225 9511
8407 9927
9163 4967
4998 4837
6732 6667
6980 1920
7964 7583
4138 2953
7814 853
3044 7937
4077 5785
5757 126
9620 9876
6079 1908
3653 2429
3856 8556
8403 8571
9922 469
7215 521
5160 4279
4868 2372
922 1425
3145 3704
7731 5973
5656 6147
1899 4615
7368 4572
249 3968
78 6179
2651 8811
2748 9650
7965 353
9623 7209
4472 8686
9667 5187
2899 9828
6649 611
9506 9490
7634 2478
4235 7638
4632 9767
3825 8895
8029 1294
3364 7181
2547 724
5399 1979
3080 8225
9691 5368
187 2761
794 1946
8561 969
4859 4285
2423 4555
6417 831
6125 1861
5518 5104
3861 8719
6226 4261
269 7802
105 9971
8564 2153
4443 7578
5679 7750
3261 6565
2711 2514
6525 4724
1710 8567
8053 3380
382 7153
4871 7635
4135 6476
9118 7281
9809 2560
2731 4901
5569 7034
7626 422
5014 1328
6530 9210
832 106
379 7688
2462 4764
3122 5103
5250 628
1268 5021
4261 3109
5092 944
2640 7466
4740 3395
6843 6419
1359 622
6838 350
1591 8479
5148 5175
6911 8961
5743 8293
5782 4109
6931 1031
9787 6243
4243 4629
8375 6826
4200 5743
2787 7083
3490 9061
3073 4591
1149 9806
8065 5601
9130 1214
3345 449
824 6706
6709 7530
9188 2697
4953 1774
155 3698
220 1695
2768 5263
2082 4812
1078 9941
7529 4438
6271 8020
7958 5713
9300 5011
2286 8786
7380 6758
9353 8080
1327 7232
6961 9555
5170 4013
455 1678
9214 5490
5524 3131
9067 751
4845 1825
435 6612
9647 1280
7813 4014
6593 6200
6268 6126
3965 3559
7121 675
8200 9644
2401 9540
3889 3761
4812 7245
5480 4436
8932 9321
436 6437
1523 3088
8191 1010
7089 7344
4107 1892
9935 8719
2732 4083
7065 9179
874 952
3426 6199
4147 5432
5324 4067
4883 7408
4088 4618
477 9459
321 6203
5130 8213
687 271
8538 8807
7859 8772
4745 6423
4295 7622
3846 2372
698 786
566 9429
2906 453
9433 3795
5564 1301
7137 1130
5115 2570
5770 6818
4084 8945
4063 9257
3718 9808
2258 8129
9384 312
6500 4377
9483 5753
2197 3577
5975 6204
7743 4894
230 6357
9252 2301
2379 3188
3272 4968
8608 5218
3792 8689
5476 3482
2869 4930
5468 5162
3323 5531
4139 6656
278 5430
9247 9860
6687 447
508 8253
1033 9951
4915 9122
2844 7336
2743 7889
4349 5058
1914 4542
9923 5589
9053 120
9177 9517
1357 6661
3497 7979
9242 41
723 5738
3049 567
6179 489
4676 6669
7239 9102
1189 5663
3364 6636
5897 8494
8795 9922
9158 8936
848 2327
1945 3355
4332 2356
5707 3514
2122 8964
7129 5181
5583 2896
9982 9257
3688 6878
256 3408
5205 24
8723 8212
3642 2396
3102 1713
9029 5401
7527 5695
8449 8963
571 3094
4202 8685
541 8352
1027 3705
1136 6583
4646 9958
857 7555
4906 7850
9021 8654
3594 1571
2618 6716
1147 5212
6519 4813
1918 5937
9190 3366
3941 334
6516 1845
3381 3983
8902 2736
1352 5336
791 9622
6481 619
650 5428
7324 7012
2245 7944
7704 7814
2633 2427
6447 1005
190 3436
9494 3799
683 1096
8211 104
2761 8715
7471 4286
7899 5314
323 5563
4433 5026
7069 7033
1108 5600
227 6504
8199 2492
812 5728
250 7760
7262 9895
3277 5513
3418 5207
9494 614
2324 2071
744 7470
4657 1065
6294 6303
8438 3612
4736 4137
7587 3243
8398 4327
1642 494
7761 7254
6366 873
1429 8060
85 7308
4826 6552
4518 5280
9367 8898
9020 6146
9330 9851
9492 2482
1715 9794
939 5072
3506 1605
5861 1101
2566 1902
5630 7156
3179 3102
8166 6061
6060 4069
596 461
2645 7851
5925 2887
3388 486
7929 2099
9416 8461
1343 4526
1354 2215
9245 7453
80 8330
327 338
9129 4282
2316 6080
2764 4998
7717 6830
6333 1996
1705 7770
7683 5428
1779 9684
6033 669
2679 5248
2204 3710
398 443
8625 7209
3286 2269
2184 6238
4827 5823
8426 7793
7966 9221
2015 3379
5588 8966
7524 4017
575 4498
9415 8017
1707 4460
7019 5991
2638 9845
9431 4346
287 4029
9885 3198
88 2973
8827 4506
4549 1028
6330 1628
5395 7869
7362 2317
8829 2310
3534 7058
4254 1510
8178 8192
7400 3198
2862 9906
8307 9705
2269 5432
1057 1405
3607 691
2272 2855
9630 8119
1698 3662
9952 3818
3318 9245
123 3866
6736 9752
7081 4984
9976 3278
853 6208
5778 7707
6784 3908
9240 4611
522 4132
5236 6529
827 5192
2793 8134
7613 9531
700 8372
9824 6733
904 7076
7632 216
544 3006
8661 622
8457 9636
6010 6662
9423 1472
5025 8908
6636 7294
3390 2943
8526 2669
5814 2554
5768 7099
7377 136
3520 4928
6378 901
532 1360
2189 567
1822 2485
9084 6731
5627 1717
2655 3140
2914 9569
4935 7515
5674 8253
6321 3304
4681 1679
5612 5150
6591 5321
1670 8513
6327 6745
1469 9401
699 9076
3923 4730
8551 6750
3740 9707
8050 6370
990 4543
1287 8779
6097 6844
7798 6439
5502 902
7553 6340
908 7301
4617 899
5093 4592
5832 433
3016 8513
2524 3627
8613 751
5352 1521
1633 3696
5844 284
9199 5818
1330 856
2970 9001
7538 3789
256 2872
1177 3335
4592 3313
1284 1078
809 8649
9192 5756
2698 8071
4117 4512
1796 7769
1111 1385
5870 4918
1971 660
7768 1605
9139 247
2031 4505
7931 3043
6365 676
5894 7549
8159 7216
3704 8488
9490 5186
8827 9592
7082 791
260 2245
4319 2673
8891 7318
6775 3453
6529 6359
6603 5900
8369 4424
3683 8345
1579 1269
9079 9254
1670 2780
9621 3864
9488 1312
1636 3173
5129 9228
7296 4671
5559 9215
5257 3145
3653 7691
9605 4671
4428 7786
703 8533
1696 7160
6588 4497
2874 2626
2608 9203
527 7982
3580 6095
4143 5125
478 3615
4419 6902
4203 3191
1272 4706
5419 9820
3975 9483
5046 1541
9850 3834
485 8769
8874 706
8421 7153
5777 1417
6599 9804
4685 6488
3719 842
1861 3205
2570 3307
7861 4050
8256 6463
3875 6797
6979 2558
1047 3342
5413 7985
1423 4373
6702 1219
8011 4248
928 6596
2071 5933
8579 3206
4988 5336
8249 4524
3617 3299
6231 7727
9102 4654
9568 329
5615 6898
3056 9990
3157 7460
828 1353
9506 7032
5439 6549
5136 3144
8133 5464
5628 4382
1698 4719
3322 7629
1791 2153
8665 5813
8035 2777
4915 6071
5230 1265
1687 8015
7201 8568
8142 6902
9462 1198
6094 2960
2544 4223
699 4208
3524 4926
3903 4169
9648 7254
3971 1847
9805 6784
7356 1326
955 1246
7474 2815
4255 6932
9209 3073
9864 8517
243 3235
2910 5398
3080 5562
6911 3109
8634 1909
9011 609
5698 8055
4190 663
4070 1278
1360 818
3510 8314
7937 9875
1707 4655
5229 6116
2490 8528
1278 6671
2409 2306
4282 1415
9696 4903
2261 9411
9482 5777
6805 6115
3152 1181
3494 6976
6180 5742
7681 4847
114 9658
9194 1320
9633 7249
8294 3142
5547 217
3957 530
2786 6069
933 6629
4849 5927
6813 6816
8072 4397
5469 6459
3948 1444
8395 8341
6274 5899
8269 8363
6838 7447
2572 4272
3660 8695
5251 5118
3032 2548
3691 2702
9235 9948
5478 5144
1802 6089
3241 4746
8156 7341
9511 7175
2494 8086
9153 548
8140 9189
9246 2613
1948 6139
1031 1624
9423 9064
7360 667
1065 7239
3520 8773
7486 2469
3061 2270
1751 3218
812 5523
5591 5516
9188 4028
25 8960
8095 8979
2262 9938
8475 834
5921 2593
1765 2352
6242 625
6613 4688
4590 5221
8091 5491
9440 848
7276 2485
7368 4110
2112 7601
528 9536
8260 8916
3487 227
3035 6659
6479 971
4248 596
4609 2118
3958 9917
7244 4124
393 8532
3281 8414
6695 38
4503 5717
6852 779
4683 5320
6944 922
2224 5787
9990 6729
547 7195
8607 4488
7628 7332
1122 3830
696 690
4878 411
1867 9056
159 6787
5156 4696
4276 4213
699 6986
7948 5935
3285 8808
7579 9898
5629 7530
9024 5246
3248 1021
1357 9723
3589 4031
1466 6535
7801 3608
4495 2358
7260 6339
5989 5684
7862 8201
2430 4055
5673 9575
4667 3185
8557 4299
912 795
9271 3092
4561 8742
3142 3389
6798 4842
9070 8135
2671 6447
9908 1343
5712 5563
6891 4629
8603 6704
2959 6111
2143 930
7496 1647
6644 4147
3148 1566
7728 8002
4737 7589
1199 8571
7412 7555
9597 8690
1818 9254
5128 1743
3465 1081
4280 7438
7846 9598
1013 5068
1783 2843
632 917
5891 2219
6415 2957
1254 4911
2070 4560
7914 8037
3140 2114
8426 5129
2744 8372
9005 1131
2416 1633
5442 9632
8478 8619
9560 1234
2647 1443
8976 4823
7780 8806
4958 3992
8947 9245
7664 4857
434 7882
6128 3968
1165 717
6126 2763
4701 7673
8854 3846
9101 2109
1297 8670
8208 220
5938 5170
9377 8805
7559 1946
6344 837
6908 5396
2361 140
6293 2102
3266 627
4639 7544
1208 7899
4815 4571
4062 6332
3768 8398
2316 3576
7853 7913
6726 5639
169 3003
8153 4099
1040 5832
2872 2170
7818 1453
2538 6178
3019 4248
9241 1933
9630 5898
8674 2536
453 3799
3902 2990
8752 4863
3055 2077
4734 9044
627 6226
5249 1985
6698 4941
2416 2645
8344 458
5737 4409
2436 6734
1290 2944
8788 4684
7320 1379
1732 1598
9119 1444
1163 4675
1575 951
9501 7305
3664 1101
3611 522
2168 7174
5570 1239
1074 6171
5692 260
6595 2365
2400 9819
3463 7960
8439 15
7445 1042
1827 2382
2877 4291
8959 3451
7518 4485
8585 7203
9010 1609
5535 2775
9154 1379
962 1558
7534 3596
5270 634
3935 6671
5130 6602
4834 9262
3430 7907
6199 1687
9924 2071
3634 2648
3276 7924
1681 804
9069 1108
3717 4353
2661 7438
6531 912
8796 7417
6521 7198
842 6401
4908 6025
1359 7113
5798 3267
3259 4431
8468 5495
1681 2235
4565 8468
3376 8641
2718 1772
7783 6767
631 7838
7365 2715
5150 4008
6454 7593
2856 5427
1709 2143
4147 5965
9868 6897
5299 4891
6850 310
4303 9926
4384 3703
5297 4119
3292 8576
441 9346
6612 3669
8699 958
1594 7530
7674 493
5608 5034
9002 9317
8234 82
3465 4097
6246 4233
1520 9500
7466 5948
7844 2796
5269 3567
1579 6128
2903 6062
5638 4795
281 2433
1855 4480
8386 9711
9076 7168
9093 8572
6087 2161
4426 7376
2603 549
5168 2553
1188 927
9937 5261
1361 6585
193 4221
7004 1844
1032 318
6375 6110
4015 4850
8744 8910
8666 2729
659 5242
5856 3349
9554 6387
4685 2559
7743 6877
9884 5475
3514 3544
7519 7089
5004 6739
8698 6970
7043 121
1577 1844
7398 585
263 3553
1345 5411
7988 7238
530 6169
1694 1
8326 6551
9727 6273
4461 142
4519 946
177 3930
6916 6872
8958 6865
7565 8283
1606 7710
3576 3980
7258 7400
8846 5160
4315 5307
6330 5410
6480 2146
4771 4691
1538 3765
9301 9505
6103 3731
2777 7243
1213 6400
1069 2892
753 2398
9272 7915
7242 3183
9952 6365
3901 9525
1969 4447
697 9492
5922 6544
7607 8317
4393 2058
7108 6394
9835 3976
4547 1934
6986 4933
3231 2331
2743 3614
6880 1379
349 7291
3301 3140
2864 8410
7758 3257
4201 8434
7688 666
9980 1512
9435 9109
6958 8573
6343 9696
9032 4883
4250 6520
3747 8226
2266 6457
8593 7991
7750 2838
130 1614
3708 4548
1137 7930
4710 9851
4278 9428
5729 9017
2404 1581
3598 1076
5524 8819
3674 1194
2800 8832
3501 7740
2846 1102
7389 1912
7405 3638
7271 4211
6287 7864
7245 9988
9280 3392
4708 5537
799 434
6020 466
2895 3787
9921 8080
930 5811
3318 6805
5054 5527
6052 1489
3331 2002
3055 4416
7343 9311
7980 2579
4934 5244
5386 6128
4277 2115
3480 8558
9530 8556
8790 9525
457 414
3848 4089
5990 3721
8866 8481
7327 2246
8727 41
8311 5120
5103 4377
648 5948
2102 2679
652 3936
5267 5334
2830 4162
3516 9544
5540 9945
2695 5571
7753 5578
9447 417
757 2245
2669 1300
2377 3227
6184 4945
9865 8783
311 6886
5576 4090
6350 8504
9846 9939
7703 6714
879 9979
9650 4278
405 2250
2278 6725
7818 7004
1443 1554
8119 6064
6943 176
7100 3936
4544 2252
3116 2714
2881 7440
2576 8391
8981 7375
5436 8265
520 2794
3658 4499
2906 5330
4989 853
9191 2995
1168 3149
2984 6571
6855 9488
2627 1547
4862 4347
5463 6241
6900 3107
4685 5490
8755 1596
5559 4554
7807 9515
1920 299
6961 560
6984 5486
9949 1185
1482 2318
9219 8563
2345 6858
2438 6
5439 6714
8216 4683
8315 2629
2482 1930
8941 5012
3443 7296
8515 2765
4859 3555
9010 2468
6757 5583
7124 2651
8324 6992
4954 8543
415 9820
793 4237
3623 6146
1182 2961
9624 3239
9648 2613
1680 438
1768 7277
1866 471
5331 5866
6823 928
6948 7987
1835 1504
9942 639
7877 10000
426 3424
8995 6151
3945 6500
9271 101
4458 7454
2676 9740
3675 4348
598 6260
4111 9647
7628 2334
7522 9847
9978 9201
6590 3341
2391 2560
5757 8992
8609 7160
9996 8305
2831 3553
5976 8775
3849 4090
5055 9889
6898 2825
3207 2134
7595 2334
5466 1569
3704 4519
6888 6692
4295 9000
6743 8076
8162 5320
189 879
786 8549
9905 3149
5547 663
5162 3151
9953 5692
124 4057
2657 1653
7765 2295
346 6338
1645 283
3299 1425
2068 2757
5252 6062
4295 4174
4182 9972
6160 5056
9160 6354
4847 3297
7256 2682
9128 4576
2032 9958
2594 8947
1034 3905
9496 5414
6702 14
2422 110
980 6291
3031 6101
2111 5242
8543 7518
8017 736
5427 7692
7168 9629
4315 4092
1326 6670
7950 9977
9629 5509
7059 9076
6700 4334
1557 9670
2690 5577
9900 4042
1234 5501
9422 4850
5313 7875
7225 4179
7557 6715
7829 1471
2364 1403
5639 5801
1852 7457
4491 1981
1914 2450
708 9423
645 9785
6688 486
1515 5364
6042 1125
8695 3249
6062 1544
6585 4939
6039 2676
9040 9071
6348 7593
5198 30
9063 9997
6569 5308
6062 1951
4361 5250
2606 8643
8170 3148
1542 6642
2114 4297
2530 8303
1705 8304
4464 9213
9224 7920
272 6252
1098 203
2727 1072
1942 4874
2516 1413
3948 2656
922 9426
9152 8916
8285 1267
9492 6020
2069 113
6455 6589
728 1433
4472 2044
2304 5722
2355 5679
4988 6470
2315 3204
8929 3956
6418 1751
9707 937
9691 2705
2060 5044
3488 7722
7709 8727
5390 226
9006 8742
6986 124
7255 4703
6448 7680
4182 2871
7730 6209
8338 6614
5895 9292
5438 8835
5575 4055
6096 1947
44 7426
1470 4320
7043 4614
1827 270
3671 7178
9445 5347
8506 8359
8564 1251
2789 6843
8535 8080
7328 4043
1352 1597
6027 4409
9607 4166
7054 7818
5353 5455
5138 7607
2441 7131
3272 2505
4594 2409
6202 9775
7922 9900
3437 3709
4359 829
6124 8805
5504 2471
7610 3591
3239 2686
1799 8661
8525 1619
7931 292
2565 4444
8743 381
9758 8561
8144 6297
81 5106
8637 8385
6220 4479
1654 1776
6033 7483
7838 4674
4091 774
6348 5158
9685 2572
2389 7118
6620 1641
8249 9019
3447 1279
1702 9052
1228 725
929 2319
4673 844
5113 1159
7639 4087
1613 3493
6284 4658
3497 5637
7303 7436
1292 8093
7379 8265
3465 3836
3626 7318
8231 142
9020 285
2982 6860
1758 2169
5571 4522
9867 4693
1381 1402
3754 5137
5125 7239
9668 8094
8421 9742
9085 9132
8648 7935
1271 1309
2736 3287
1332 8066
7543 1450
6083 6161
6107 8126
8313 4829
4706 736
6000 5621
1454 3721
2229 3711
5782 4380
8002 6577
4662 7189
2453 3968
9499 3451
5888 6729
2308 6587
4138 5596
6477 8853
9052 4260
5662 2318
6415 219
5082 8786
7253 716
9858 2140
9932 579
4921 661
5843 5035
9611 2630
8300 1330
7170 1967
5100 2264
9426 8792
4739 4586
1262 9771
5800 2728
7088 6192
1652 5947
7207 508
4176 2559
1323 4451
2069 4889
3674 8413
6217 2340
4254 9970
3026 5830
7795 4703
1492 8050
7869 1020
7245 5360
2975 190
1035 2054
1652 8212
5467 80
8925 7078
5203 435
1545 875
7179 8608
7730 5345
4051 5458
3197 562
1210 1735
4880 7306
5250 6187
226 9213
2130 1769
1080 6746
3088 4364
331 9655
5346 9161
7573 2514
8535 7374
2793 504
1869 1256
4290 2601
2789 7199
7856 143
9249 2375
5691 2208
9819 9159
7172 7801
6336 6374
9345 6354
7275 3010
2879 609
6053 6698
2082 2366
4865 8181
5331 1430
1315 9808
4578 1250
4970 1012
5006 5628
2591 8249
1898 3919
3569 2194
1318 1628
4423 1250
2959 9857
9355 6905
755 5209
9213 9983
172 8652
3164 8807
4722 8218
2567 8703
8347 6410
9330 4745
7910 648
9815 2075
1236 1176
6976 8902
7509 9189
7193 3314
7483 9267
3965 8099
4824 1447
1403 8389
6116 9442
7517 1540
6834 320
9255 226
1523 3847
2675 3031
8522 7195
6783 7312
8403 3198
6451 9639
1913 7466
4575 2696
779 608
5015 6927
560 4839
1666 4162
2190 3262
9756 3793
5312 1476
6717 3135
5853 4007
1099 7559
9985 1296
3422 424
6921 6700
5910 5192
9618 8714
7776 5607
7259 552
2800 7401
8339 8527
9725 8403
9883 2304
7819 7007
947 7545
1905 3516
8309 3352
1978 2528
8434 9257
5733 9702
3983 8497
7761 6991
4105 5721
2654 6502
9696 9754
491 3236
7184 5458
3820 6187
3833 6039
752 6375
13 4622
2312 6090
2115 3591
5082 26
8391 9905
3027 4084
7569 8782
7653 4439
8953 850
4576 9095
6921 1750
6007 5144
6903 8173
3949 5768
3527 8319
8265 4881
5138 8939
1216 5388
5594 4936
2329 7326
3891 8728
8652 7922
7310 8076
9708 4776
6201 9328
272 303
8811 5176
2680 3921
220 9803
1625 9986
1400 7842
9429 4598
7672 273
791 3642
7394 4501
9213 3496
4136 9859
4070 4938
1629 5837
4234 5144
9443 9261
5678 9340
2557 6663
1126 2276
6953 1547
2268 5273
1107 9026
2939 9219
374 5027
8896 7971
76 590
165 3221
7329 8340
2195 2353
815 3650
5818 2870
4838 5876
6226 4686
2762 4212
116 2057
4105 8308
1382 4902
8371 7559
8898 1466
7743 4048
8860 3029
4595 6031
6659 8773
1423 6030
6010 8685
779 1583
5798 6267
5543 8287
3008 8263
4280 7715
3423 3524
465 5147
6000 4711
7997 4919
1182 8270
8108 7831
1723 1429
433 2929
7053 8322
1104 108
6325 7650
6852 7942
3186 1298
9485 9135
1750 2139
3641 5034
6082 569
3681 3547
6806 4447
799 9340
1864 1307
1952 8719
6220 5564
6477 8864
8456 3187
1947 8453
8279 9024
5935 8807
4955 3637
1557 3595
9163 1865
9397 8272
1986 7120
7783 7121
9705 6977
4291 6633
5263 3121
7333 172
1969 7856
1886 1852
5900 70
1228 2409
5589 2597
2065 1401
3890 6440
6083 6623
3686 6048
3447 4223
94 8174
2121 3170
4732 5018
69 8462
9319 7828
3728 3872
8054 9120
8031 9840
9136 1172
2674 7554
637 247
9540 2063
6480 5019
1332 1593
6190 5401
5691 6491
268 7780
7812 8087
5820 2103
3767 1699
1822 1866
1815 4987
9389 6084
961 1043
3433 9173
7001 7005
5621 159
1279 8828
2575 305
5890 8781
3790 2762
294 7969
1048 2541
7031 5376
7497 1689
1317 553
2565 5345
753 543
6567 5895
4026 7759
5822 4049
3625 8750
4153 1675
8029 8691
5413 86
9019 2906
3400 5371
2000 503
7741 9013
9500 4920
7606 3850
2165 6041
5738 5109
5082 3961
5117 2157
7485 3296
4768 6924
1182 9240
1516 2573
7766 5915
3226 5253
3785 9397
4362 2362
1353 2018
7656 2754
6150 8716
8604 9841
5699 661
3217 7260
8755 8982
9596 3071
500 958
9841 7381
4455 6535
8874 2639
6154 9088
5596 4630
3762 8666
7013 3984
7304 3898
1070 498
9076 8079
4351 1386
2166 9613
8442 5343
5937 8743
4746 1275
2000 1637
4241 1432
4465 8282
1704 2666
350 9898
4702 1316
5702 2941
1903 259
3896 7695
4643 3589
1690 4031
6474 1598
1629 5261
1540 3926
4115 7016
190 3694
7638 3461
2919 5437
968 3971
4108 8039
6277 6680
9411 4161
6955 4592
9013 3359
8215 9139
8420 1567
3822 5042
4946 6211
9275 7260
4286 9288
5350 4865
5168 8641
5969 4083
9281 9513
5093 3775
7738 6067
8220 7828
2035 2579
997 4251
8799 2295
9250 1417
645 5253
5065 4778
2418 9024
7666 7783
8098 8396
1262 5703
7812 1720
3156 8655
781 6339
6444 3803
7221 8680
6474 619
9012 281
1907 7254
143 3767
8953 8299
3405 9630
2161 7422
4959 4346
3816 2561
1571 743
3852 4823
3838 8237
6907 909
8212 3134
5514 8260
1678 3561
5879 7735
1998 9731
6408 4687
9034 9644
1378 454
5532 6059
4849 2731
3067 4237
827 7107
968 856
3085 9068
801 3071
8573 387
7499 5503
3714 3317
3155 5376
6551 2604
9079 7788
8876 9037
3159 8017
2724 4004
3554 1635
6484 3426
7266 1540
399 2960
8214 8374
700 5450
294 2511
9852 4959
5458 1489
7484 2688
8029 7987
6884 367
416 8487
7680 4468
5774 7554
924 7424
2881 4992
5542 4502
4425 8393
2391 8045
5080 9049
1769 2849
5905 3973
9577 3442
2031 2636
59 5515
6746 5113
841 2367
8575 6089
8789 822
8107 3077
301 9872
482 8442
7741 870
5140 1539
1999 5706
1250 1712
825 8294
9590 7969
9073 8903
5984 2576
1172 8777
5296 2300
9981 5063
3947 3929
2314 4294
1693 953
5891 4925
5216 8579
9163 7332
8277 8724
6696 7756
8961 69
8846 8366
5342 8815
3155 4263
6496 868
8352 2124
5600 5758
4209 2723
2446 9060
3266 1822
7536 5598
1586 6418
2395 6759
5327 8447
4372 1406
8042 1535
3197 2619
6381 8938
801 3275
9364 3753
4141 8715
4130 6567
7515 8808
2409 9989
5526 6441
88 4441
3730 4946
5173 2041
2775 1429
5164 3954
4881 3761
3965 7850
4453 5390
2419 8916
1543 7228
1768 2011
6274 5594
6049 1445
1121 3522
8955 3330
7669 3654
8206 1297
939 5882
3949 7223
8706 3520
9395 8952
249 5708
3272 528
238 852
978 7595
6221 7468
4864 7537
3430 8298
7186 8924
4316 1157
8794 581
6827 9355
8404 2394
3507 4266
5164 1425
8114 7988
6389 4508
7082 8847
8841 417
2664 4743
2538 3939
9578 3238
6715 9287
9802 1435
9323 770
774 7047
2883 8304
8477 266
499 3036
1149 5484
4578 3217
8845 4405
7113 2110
268 953
6727 4489
3251 2126
4722 4674
1689 4633
4794 9062
3085 2472
4491 501
4434 7406
3150 8238
5340 7595
3449 3035
7690 2080
5125 3879
670 4653
2144 37
845 159
4632 2742
7817 2875
9135 4875
4685 3394
1183 5502
9180 6768
6888 3721
6959 5317
2878 8232
4063 6563
2129 1528
3725 5588
3376 872
5848 4599
4966 9958
6933 6944
6287 8992
998 9286
5291 1945
1199 921
2861 5124
5646 2200
1117 2801
8472 4162
703 4644
4816 3070
5301 2583
5150 1159
3845 9001
9444 3506
2980 3201
3215 9361
5327 5209
1615 9699
5184 8014
3516 8973
2100 3234
9024 5805
8424 2789
9338 1444
5159 4959
1128 8548
8812 6384
2150 9666
4689 4193
8965 9524
3536 6694
9923 1548
5526 3731
2055 8382
4478 6491
8581 2306
7234 1167
7691 256
8700 9326
3696 9226
1316 6430
8846 7030
7081 3026
6130 7409
9736 1254
5373 5095
1146 2631
4816 823
4567 5850
3 5489
3186 3334
5926 6959
7362 1770
2660 7049
6031 6184
9661 1457
7313 6900
1339 8028
8119 2260
3550 1135
7975 2294
1 5735
8365 3778
6572 5734
7514 4014
4308 828
6565 2741
589 8666
8194 2406
3781 2624
3555 3399
6082 5392
2971 3129
2840 2691
6894 4715
6243 7701
2566 8490
6988 47
1178 3932
9027 7972
9565 5162
8046 1198
8448 5018
5835 3535
3414 3503
6959 7483
4528 7492
2768 2201
3858 5884
4191 2452
3823 2358
2795 656
761 1547
8208 3539
7377 8518
4431 5938
9569 2524
3031 8650
5005 4829
433 3306
147 503
8362 6487
7619 6296
4799 6446
1996 2556
3881 5838
7881 5704
3616 7822
4473 7977
4421 5298
7654 3597
1701 2794
3887 28
8296 872
1393 9533
3579 6833
4233 6541
8596 167
1982 7460
5527 3578
9480 7823
5720 3654
1352 8154
8526 4536
1808 1938
439 9462
881 5945
5778 1799
3494 8793
3422 5483
1524 793
5292 7489
3192 1495
7472 2383
1342 1115
1360 272
1333 7998
7283 3968
8712 4688
5397 1709
7699 7136
7252 5517
9182 2328
6196 1989
7578 3536
6722 6959
5651 5283
5472 7062
5622 774
4854 274
3868 2110
7123 5841
2861 5521
5529 8195
9697 7994
7934 1651
7447 2049
3603 2766
9089 4283
7429 8031
8731 2778
3547 6001
4810 9900
112 9391
5541 7585
2953 4935
5815 3017
4803 8052
5076 7274
9683 8089
8117 3852
453 2523
4570 3112
7320 6599
3511 3665
7380 4755
9191 1501
4789 4619
3061 741
6198 4770
8368 4985
8474 7726
5006 9536
5400 8164
6060 8021
4450 7370
4580 6287
1253 3736
3852 1749
1300 140
1441 485
6783 2315
1444 5909
6403 8233
8205 4248
3394 4366
3827 2748
2088 9423
1483 5528
2784 3747
8763 971
3456 3687
2385 8361
9733 5404
1951 2645
5660 7202
8260 528
5472 9726
2484 830
7025 8944
9631 1343
9235 960
2109 2234
2811 1414
596 6485
6203 4432
7832 4762
4555 9262
3138 9142
4959 6395
8508 3555
8605 2657
8950 7308
627 4354
4999 351
290 3521
3698 5772
140 8019
3151 5453
2135 1713
1535 2535
6771 4757
4024 205
1926 4848
6954 703
273 6180
5168 4346
4532 7603
2251 8802
8668 3144
5986 1034
1976 5576
381 6063
594 5103
8893 4302
7528 6612
1935 2364
2057 6255
7313 2047
2636 7407
4562 3671
1079 3362
2073 1318
9366 6478
1408 6483
4274 674
8134 3395
4902 7677
3985 608
4108 6085
4087 8139
4671 2969
3702 8534
3447 1272
3414 2670
3382 6375
4347 610
283 7071
7241 1283
4629 1263
4279 9883
9496 5941
5711 1960
9760 4102
8741 9299
6868 370
3063 2799
851 1103
3733 9861
3061 1080
3583 6345
1493 2630
1022 3972
4005 3534
2898 1060
5703 239
2228 7434
9621 4169
8555 9159
8468 8302
6028 7647
8020 582
5995 9105
8166 7569
6934 6999
9362 8321
172 4965
8519 6872
4841 3331
3342 1618
5717 903
5283 8503
9602 907
7355 233
7585 5784
8725 9037
8913 6053
7553 1218
2079 6308
4371 1855
527 7675
4728 1723
2119 7485
5187 3765
3321 1119
156 3495
2390 3173
9271 8807
2344 1063
5453 4989
7189 8586
8783 3566
1289 7171
246 5216
1706 8249
7898 6347
4297 4595
7174 5762
246 5270
8546 8803
2814 3058
5167 4157
828 7580
5702 7680
1250 9811
1072 8610
7150 3299
9788 1320
7342 1903
290 4114
7203 3224
5416 9283
7453 1232
9616 5326
4684 6944
1337 6001
7616 3140
7892 5139
8202 6132
3433 7917
57 3636
8093 4723
2672 7215
3300 3689
3109 9808
5846 6931
5043 5078
3040 6978
96 6869
1027 3041
7971 3938
1330 9242
8431 2190
9646 7024
8412 2584
9304 6278
8690 200
4436 8974
7504 6544
9628 3954
1514 1940
2597 4017
742 8194
5189 4114
5238 6463
5334 8671
6642 7800
2304 5808
8086 242
871 1672
7542 1090
9458 4655
5720 812
6968 5619
3865 5429
8753 104
4839 5488
1874 9178
1861 9565
235 6796
5023 3998
3698 3947
6374 4111
2941 809
2320 8849
4313 9304
3622 6264
4450 1454
3248 775
4597 6261
2822 8722
8015 6009
9364 6878
6567 4749
2004 4300
3295 2012
298 953
6370 3251
9876 3923
9272 6530
8191 8823
6520 4488
4802 4197
4537 1256
5838 5278
2048 5378
5373 8091
3648 700
6038 6507
182 584
9741 4959
8631 5481
5781 3532
9351 5939
4196 8257
9543 902
8235 7675
8815 186
9784 8756
8413 7435
6422 2078
1825 1365
8399 7371
4975 7495
6510 3963
3045 7218
2101 5653
9298 1215
3715 7356
3832 9453
2123 6990
9874 9182
3416 8347
9060 951
6956 1803
6246 9100
9262 4287
8074 1159
6429 8309
7341 7701
8960 2646
5101 1567
5592 3642
7109 6829
6652 9826
6287 7577
5451 8756
5233 4037
8513 16
2298 692
6719 4892
2095 8154
4973 5237
6253 3579
6818 5519
8130 4508
8053 1551
4524 2024
984 3269
3734 4867
7910 2803
4957 3355
2514 509
2348 3269
9867 2049
5916 1503
3114 6705
6032 7817
2404 112
6457 2996
9507 3234
662 5526
5381 2210
4124 7225
7479 2998
9197 4040
4297 5366
8844 6848
6330 6104
8288 6801
664 2571
8178 1774
6591 9288
3610 2941
6586 5367
5586 4719
3460 5516
1676 4553
1985 7375
7584 1008
2239 1920
2633 6144
2958 6723
370 2172
9309 7568
3920 6421
1239 5510
5046 9561
4626 9138
6630 2204
5769 8544
6726 2156
2345 2271
8373 3695
7222 8128
4702 8113
1432 1866
4777 3252
134 9155
6468 631
3680 3939
8032 8149
9909 1422
5291 7208
4235 7121
9184 2990
402 9458
1886 7745
6565 1668
3839 9134
5113 6999
3160 3894
2507 2287
3665 6491
8553 5876
7470 8231
1855 5824
8247 3943
4618 8578
9380 5787
8556 6682
9669 6876
5788 5892
9548 330
8640 3542
5700 3818
8611 4926
5814 4466
7434 2233
9949 50
361 7497
9885 1768
2953 6760
8927 3183
6706 3044
5344 2935
1342 6523
7822 1685
1711 968
6578 7063
3903 4282
5826 7151
632 8202
4182 6691
4799 4308
3890 4021
7204 9792
1178 9211
5387 2823
2892 6817
6281 467
8855 8511
2219 65
2454 8756
3997 5310
7223 5156
5748 3940
2270 4960
2566 3384
9585 836
4165 7667
4412 676
651 2961
9723 7895
2481 1653
7939 3864
658 3444
2303 9230
1648 4385
9562 3760
5970 4249
5061 3135
2475 2527
7869 4276
8104 5731
5080 7333
5741 130
3994 3711
3640 4510
7385 6702
9109 5477
843 7926
8331 2869
4349 5501
9463 8086
4988 8457
5026 2113
3274 6627
9772 486
9111 1157
9832 2667
6847 24
7552 5732
3602 7980
7597 2854
8269 2791
5305 1343
3191 6985
6077 1426
4270 7018
1241 2676
363 2755
7152 1799
1129 3154
4070 181
2226 9958
5687 3243
2294 9161
5267 2844
332 6923
5436 2095
3139 4736
579 4785
7556 2458
9471 1739
5198 9261
9681 1274
4583 2719
8544 9464
1065 6842
6021 4888
5134 833
5349 2107
5804 2287
8526 7589
4632 8969
7866 6470
6346 7617
8071 6278
2010 1625
6978 4511
8526 3624
2591 2214
3618 2100
5660 8832
9870 8511
1299 7807
8181 2205
1777 562
2190 8580
3426 7691
5743 1806
712 3906
1114 8230
1352 3677
7198 6017
32 8108
9261 5583
4592 8683
4424 4901
7081 5501
4095 6991
4137 7703
8337 5817
4362 2814
8014 247
3764 2977
8646 2740
6101 6122
545 4378
4580 7339
6456 8614
6665 2957
9087 8326
3974 9544
1274 1419
1068 521
6468 2909
3016 2884
1838 8708
3229 3287
5428 7052
690 1240
6256 9532
5787 6205
6795 7762
7108 7344
2894 9229
61 9098
6122 1944
5351 1848
2612 2672
1894 3254
6243 2119
2217 9929
3001 9069
4482 4274
7423 8831
7829 6588
7732 7241
6122 411
6727 2738
8868 3774
9141 6033
5979 3518
2207 8568
8382 5301
5799 9248
4344 9107
136 2193
7608 3662
5094 3487
1830 1171
2548 3147
5997 6507
6320 9026
1071 7101
2810 9171
3991 757
7476 5617
4079 1898
4149 9534
7230 453
6805 8901
9200 3824
8103 8642
2934 2787
9465 4152
5629 1733
4134 6190
2488 2604
4918 6714
3205 7656
9289 1488
9960 3428
4134 2702
5800 7856
6594 9294
6262 4978
6295 1235
569 3248
6607 9109
8927 1907
3761 4303
2766 1313
4550 4914
4089 8812
6026 698
3197 93
5498 5688
7522 5343
4645 4191
2180 1101
7062 8994
7550 6453
5191 4681
7199 8353
5072 112
4638 6844
1308 5461
8975 1278
1713 8453
823 2792
5056 8865
4766 8028
4665 1723
5128 8913
9384 551
5596 8264
7949 3852
1324 96
5220 6106
6435 405
4910 4689
946 7640
8936 1577
8333 9446
9775 1775
5672 3732
2873 2193
7985 8040
4958 1994
4304 9437
4530 887
5552 7312
2930 4693
6 2708
2265 639
4118 5845
1942 3503
277 2623
8664 3340
9319 8178
1812 5661
5489 4175
7301 2177
174 4378
1566 8189
5252 5405
2884 3803
70 1002
9628 2842
5465 9097
7524 4975
9738 3200
1925 8279
1362 6600
5413 9055
7071 3767
8104 5859
1135 9323
559 69
8094 1656
8812 7671
2464 3373
699 7254
2270 2952
6836 229
9526 867
1798 3175
2602 7424
3440 6881
2743 3348
137 6846
9650 7318
6903 3299
3392 8072
4913 5139
4486 2351
7749 5574
6702 3070
1027 9680
2085 5963
1771 935
2464 187
2600 4333
4528 7364
6947 7089
9390 8665
5977 8060
9488 2516
2292 5766
5793 3760
2563 8395
4993 8261
5931 4306
3022 9719
5628 4240
7582 7847
8678 7243
6595 7648
8350 3958
5183 673
7584 7254
7056 7548
8368 7780
6804 5172
7825 4706
5225 5637
5547 4058
4247 2142
7914 686
834 6999
8222 1387
8978 6775
3014 6193
6836 3060
9829 5160
9717 1174
919 9107
7868 2803
5710 8756
6869 5155
4834 4737
4280 4772
6003 8231
2473 2188
5943 7829
4425 1696
4201 6743
1530 4728
1134 4721
7122 6120
8976 1934
600 4681
9638 6143
8483 6817
5987 8887
5899 3695
6583 2292
4673 3203
8273 196
6572 4097
2163 2817
372 2507
753 5958
84 5395
1916 8390
5749 9877
936 6310
8864 7929
6825 9369
1340 5671
5920 9436
9803 3539
1941 9172
7805 4737
3233 7095
1895 7560
6765 729
1741 3717
274 8173
1939 3162
2918 9527
2411 5354
2781 4447
4863 6839
1694 6980
788 6768
1011 563
6199 4436
4719 5717
8017 9673
5200 3
5917 318
9444 5205
9452 259
2927 3322
9314 8812
6155 9874
9728 476
3076 2613
9871 6874
490 889
5870 1823
5976 764
7697 3535
3064 663
4566 1755
9206 5408
6940 5243
1139 6162
3675 4356
1307 8345
9347 8938
9745 2897
1452 1097
4038 1709
5115 5373
1264 3753
9403 8312
5766 4840
4759 2324
7028 8130
1493 7521
3952 596
3651 2817
2258 4801
3681 2921
4715 5071
5842 3755
336 7207
2471 1506
1999 9640
1732 1428
9072 7894
4705 2645
4850 9566
6342 571
687 9456
1510 9099
4999 2064
198 9900
683 1738
8673 928
8515 1399
5963 3874
2671 3028
169 1630
620 1445
1701 5258
1181 4622
321 7509
6401 8913
496 5302
7336 171
2863 8863
1432 8605
1677 9372
9208 3362
1007 3456
2985 2280
562 2668
8801 1353
1996 6453
5562 1853
9273 1387
1164 2303
2136 54
4222 2075
141 3344
3493 886
3482 3107
3568 9364
9260 6064
7919 6197
6489 4998
6723 1730
3333 3855
9435 1102
3469 7529
1316 4113
3702 8326
8692 8767
8468 5662
2437 7916
2175 8650
5828 6945
833 5483
6196 6028
5292 9025
2254 787
4268 8825
5411 335
3732 7241
4085 3917
7273 8145
3965 5564
7594 8284
3319 1911
3696 2026
5134 2824
6055 513
579 7678
2599 507
7916 2441
9343 5624
8370 7288
2336 1960
1307 1985
1007 7955
2157 3668
6241 272
4934 9891
6030 3043
8901 6802
6488 5967
4387 6619
7493 516
1473 7940
1372 436
1160 7420
9732 2233
3131 1856
2535 2106
7876 6033
4544 6424
7553 4020
5937 7833
2618 3078
7070 695
3148 7025
21 1265
9 2218
8870 6360
1740 8587
8038 9891
246 5011
275 4787
735 9343
8479 4348
7123 6979
3932 8440
7935 2709
8338 624
3891 4074
2756 2920
9107 527
5902 809
3651 8856
4967 2363
7156 9133
5913 627
339 1612
7430 3777
6052 3838
3157 5554
6053 3805
9841 8997
1086 9030
7046 1133
5936 1575
3137 2161
7357 8668
3015 8338
3728 6762
1897 4604
8845 8
3977 4790
6731 6507
2082 3784
8082 5957
4586 8858
1336 3379
8589 5174
2809 7819
1395 5323
1319 7638
5490 8432
7455 3989
4910 624
8062 8809
3413 4393
5017 6252
4839 3108
3266 768
6805 1785
8637 3010
3801 7916
2815 7241
1028 651
4544 3281
7977 9199
9570 57
8643 2525
818 9808
169 9436
6738 3559
6510 1961
3785 4797
354 5680
3325 8600
4325 4295
4107 2151
9286 3912
7105 3739
9955 4869
535 4729
7395 1271
8628 9161
2604 2541
6931 7430
6456 3415
7143 4827
2176 9777
5392 5915
841 7313
9327 9777
1676 889
1115 1679
360 5979
8023 7262
5626 8519
2465 4021
4928 1799
6537 9095
5394 2267
4436 2359
1755 7023
1443 4415
5181 1974
3615 3531
9075 3524
8401 6521
3792 5045
2974 8034
475 4129
8129 5354
6131 6497
1164 5793
31 9071
8959 8958
5472 5295
8951 6421
2459 3408
5998 4517
6357 3488
4109 4588
3692 2485
5036 7380
9790 9514
8900 596
3829 3697
3066 5446
710 6634
5209 8311
8622 3673
6851 7427
4005 6693
3674 7155
2773 3622
7379 2778
2780 7575
5187 3372
1040 1663
8282 3755
5643 4527
7250 5706
685 2149
2381 6341
7945 7685
3497 2512
3 3174
6666 4946
3698 6112
7541 1628
4840 3553
4162 1102
9653 8805
4913 3280
4252 7742
5203 6630
1094 7411
2965 6121
9367 5726
2238 6834
9768 3549
7365 353
2081 9106
7801 5631
6836 1332
6986 1869
9700 798
5413 6820
9071 7661
3360 4158
513 8720
2103 5921
2244 1938
4255 7432
3205 6629
8481 4407
9680 2405
4510 1290
6712 658
4640 2957
828 5038
9972 4904
3615 5788
826 8680
5612 9143
6229 2939
5945 3285
3562 5924
3691 8773
8207 1529
7204 9378
8592 488
6337 1253
4875 971
1761 9233
5890 7484
1012 1917
3330 9757
4932 1733
6280 2203
2774 7598
62 8971
4317 7303
7649 2260
8064 3317
1871 3147
6364 1341
3533 2598
1353 3544
3876 647
1389 4627
8735 1762
8641 6788
3933 8985
2247 3220
2057 3110
6781 7548
7985 9745
7573 5830
9763 3961
6748 7572
9523 7087
15 1654
6095 8163
5500 9009
9067 2078
4750 9390
624 3811
7003 3823
9891 4128
2572 5382
1253 8005
7908 9596
7100 8183
2646 8186
7030 4388
8724 9040
1843 1052
3682 2371
2918 5749
8401 5077
8422 6828
8066 5797
9401 5384
3122 6493
3563 3629
8499 1133
3103 6762
2739 2297
9064 1704
9720 8670
2923 2538
7871 6587
1882 8474
3493 1353
3890 2047
6290 5532
5595 2132
2920 637
3238 8534
5425 2139
1466 8967
5621 670
5879 3423
6011 7657
1511 7515
996 1367
401 888
3021 542
138 775
8985 6700
5533 6009
9346 8753
2147 529
6480 9623
3211 7363
5709 3145
7472 5976
6215 132
4838 697
4950 5020
877 4721
3858 2987
4917 2690
5170 1452
5446 8268
928 8345
8266 2495
5204 5331
8674 125
7432 9263
7039 5706
9982 3028
1121 7395
5311 177
6219 6457
1211 6925
3818 9958
9588 7248
5598 3087
124 1817
3485 4283
1680 1094
9963 6896
4282 7698
4764 4534
5779 3056
8537 8425
3808 8238
8598 2904
748 4126
6489 4406
7816 7238
4053 2354
8954 6526
8558 985
9290 3447
6623 5383
4794 282
3121 6041
7803 4964
1180 3189
5393 4870
1514 7623
2096 5578
4564 7370
4052 872
9688 6257
6583 4383
458 1056
8506 9559
3886 2870
9284 7986
3490 6137
4517 5000
9990 370
2762 655
1201 1476
5988 4080
3532 1762
9993 5794
6614 2235
5183 8245
9117 7899
29 6428
2532 5471
1242 6871
9614 6340
1313 6074
7741 4934
9008 8485
8584 38
172 1447
5419 1308
2094 5060
7601 1126
1117 6749
7541 3776
4421 6121
71 277
6055 1162
2247 2596
9863 3210
7550 510
3505 7615
9280 9373
5643 3099
123 2597
3158 3427
61 3074
9726 8557
6621 8071
7260 2103
3177 9240
5751 9745
4277 6037
3210 5645
7459 6846
6629 1548
3983 5161
7956 9280
6391 6160
1009 4652
3942 3890
9064 5426
1962 2075
4380 9173
2065 2692
7973 2995
1345 3539
5629 7786
5608 9785
9300 1686
4378 8304
9426 879
1752 4043
666 7972
9809 6235
8294 4160
3062 8138
344 31
4086 8186
917 6568
5896 2471
9408 6535
371 7726
2404 7210
1007 679
8151 2615
9798 7495
5841 3842
4853 5177
2991 2496
1952 1209
2051 1829
7811 6791
3727 7973
7938 800
1471 5647
6719 5123
1255 3687
6939 8965
4762 1653
2145 1988
751 5168
903 195
3636 5406
5291 8256
2599 8951
2863 5748
1764 3269
8813 5876
1461 3979
989 6782
9788 5340
1881 6945
5768 5532
4598 1596
7332 9377
3829 6257
3507 1868
5323 9317
7549 1355
985 3693
9324 3124
5565 5359
7340 1884
6029 779
6803 1400
8171 2021
5144 9656
5184 1691
8361 4422
4362 8875
70 3419
839 9276
2871 6859
1311 7547
265 8364
6910 7174
3492 7723
7251 4070
5238 8374
6282 9958
7042 2491
5360 9046
7473 3009
9236 3228
3602 7020
7605 461
6675 190
8034 7416
147 2726
4485 9076
173 5929
5058 5708
6121 7310
943 486
9372 6409
802 5524
381 3740
5447 4839
2709 4792
7748 1481
8806 539
5700 6667
6027 7087
2111 6229
8505 1817
5556 7898
1766 488
5926 5488
6775 282
1582 1258
8279 4570
2854 425
4371 4607
5951 4512
7136 4439
6858 1275
7151 8799
3847 4744
7064 3743
514 4073
535 9360
5516 9728
9735 4029
755 6626
8130 1493
3580 4082
6780 9436
3136 3542
7605 5027
371 3522
504 53
1464 1591
5570 7408
1954 572
4077 4821
3599 9036
478 8674
300 2639
9600 5224
8174 538
6320 1755
1138 8223
3872 5017
5294 7804
6601 7806
9329 4737
9156 4748
3334 7013
3241 3816
1302 58
3172 1798
9536 6482
7036 8144
2331 6633
9922 3295
4063 788
7404 2828
9480 3202
2026 2176
568 48
8525 1052
2191 7912
5806 4201
2559 6333
6083 6955
1604 2968
120 4723
3825 3436
5326 6151
6080 3758
6730 5503
9911 6984
3097 644
4197 3163
7304 9542
9784 2519
7261 6514
6873 3215
5842 4058
2376 3758
9979 2314
1617 5672
3665 6335
2365 1936
56 3935
7123 1077
8671 3899
1482 3041
7660 7252
6336 2936
604 2798
3597 8886
2101 8439
6271 2240
1811 4971
8564 1280
4424 3196
7615 1479
34 3483
4635 3986
6404 263
5279 4810
3779 7958
9212 9985
7364 1050
1229 2054
8699 6172
348 7338
1668 9630
5199 3223
5795 75
9379 4122
2507 2046
4120 2133
1586 932
793 7632
5626 4858
8997 4707
4852 7130
488 1750
2239 2453
363 8611
4178 8237
1320 4729
7270 2245
6585 8205
7829 7728
652 5660
9818 1950
9377 1801
3980 3408
4339 7206
6865 9710
4626 7700
3724 5134
549 2257
7152 5482
4292 162
1499 4124
1396 1325
5084 2472
8393 7416
4618 5468
722 8055
6830 1589
5942 1227
6892 7093
3911 3554
9495 5652
4055 7832
8765 4529
7606 6367
9666 6618
7243 8056
610 6720
9965 8704
380 315
3699 28
3097 8910
4462 9429
9062 9138
3536 2447
8253 1168
3970 6164
4952 797
7900 4642
2702 7874
9113 5676
185 6852
3235 9545
3619 6736
2549 3935
1746 4781
9084 1388
1070 9788
6987 7760
6418 8007
1520 5256
3906 8773
3448 6627
5073 7739
8455 3000
5803 8946
3506 3438
2315 8621
6310 5410
5516 6867
9068 6827
9714 7312
5338 5909
9907 6257
690 7271
710 2633
4420 3294
2391 9291
5286 1519
1141 558
6851 3139
8231 4332
4519 3057
6242 1562
8808 8406
7003 8740
7222 4225
9491 108
2256 7227
8030 8468
6579 9895
8682 1700
8376 1646
147 2049
8071 401
8336 8922
824 5672
5957 6576
4878 4043
8928 3444
400 1086
5194 150
6317 2791
9613 6141
540 1560
1686 7789
8739 1776
3167 2729
7163 3191
204 1394
9982 2639
7175 2897
7140 7527
6688 4059
8545 3970
8940 4221
4984 6827
1559 5033
4431 283
2395 116
9364 1355
4118 6219
1361 1607
1460 2299
8945 2826
2486 1586
4480 5110
6088 406
2399 5327
371 3096
6025 1131
6503 5745
4731 4548
4291 2853
5442 1700
8370 5466
8441 5871
8812 6528
7308 2389
4648 2490
9787 7912
4941 8291
3886 1033
3794 6782
9210 4163
9503 5688
3313 1827
6210 1469
6500 5926
425 7946
8031 6853
6224 8569
4898 5444
1319 9883
3627 2897
2691 7773
8650 3211
434 7247
518 2222
5402 3926
9865 4822
3185 4853
3530 8890
9256 9515
5447 4312
6379 4
4666 7617
7097 5859
3535 6624
7631 1745
5907 4012
9780 3501
4492 1302
1822 5018
8990 1732
9892 9589
3199 5175
6719 3046
6047 9329
2698 6974
5249 4271
7728 2842
7166 5195
7240 5783
7135 2152
8590 9688
473 2302
311 2257
4674 2759
4817 5450
9425 5136
7852 2654
3708 8751
5971 4609
1330 842
6223 2531
8361 5775
7682 9142
2238 1383
8690 8066
3564 2963
1266 4332
3104 7821
8306 9582
3779 2430
6541 9617
4737 902
5401 917
794 306
8785 3359
9938 1468
5423 6098
968 443
3096 2210
1720 4667
2178 8554
8237 5147
9083 5602
4447 7927
4261 4077
6688 779
7551 6168
7757 3642
4034 5254
3043 5323
2000 7352
8289 9799
1488 5091
6308 473
4923 707
2258 9488
1132 5776
2880 9555
144 9638
5818 240
5464 9852
6401 1986
9298 4502
4490 2580
4658 6309
7717 6841
9704 5971
3513 5926
3008 4605
8691 4911
2460 4863
1716 9675
9513 4092
3377 2827
7734 2849
7328 5645
9010 7046
7247 6773
3251 6559
9021 7391
1890 376
9651 3512
5909 4716
5706 8286
6736 8643
4623 5738
3001 6692
535 103
2508 3581
5002 6519
8507 4171
1726 1813
9404 1944
1130 2253
477 1761
2248 1073
876 810
1103 4417
9515 8232
3194 2374
5775 6595
9040 8316
8313 7225
7746 6058
2383 1329
9397 8550
6375 4968
8854 6110
7472 8054
1440 1621
6331 9733
7119 1406
9403 8886
5708 6830
7369 6701
7421 2195
889 3648
7349 4274
1263 8066
1943 4786
9068 1942
2499 4762
3974 8441
1441 2290
3650 4569
3629 9808
9831 3427
3109 770
9024 9267
684 4706
5393 2980
635 3235
9327 2810
9796 8258
2342 3125
1745 4358
5297 3393
4807 1520
7086 5418
6367 8613
8166 2103
96 8639
1842 5321
3348 8923
3949 657
5993 556
5433 9832
2969 8304
4118 9014
1344 1767
3987 365
9895 7821
5327 7941
3263 6508
2382 461
5921 9131
4597 6779
1184 3091
6465 1323
7964 3137
3596 3389
8920 852
6626 2552
9446 1288
1975 6718
6004 2055
9226 5104
4783 3628
661 6077
6142 6006
4634 775
860 2385
2481 1527
5802 6314
5904 4525
1696 7680
9308 6984
1563 7195
9313 8127
7946 3071
4006 9029
4657 881
2339 2378
7555 9052
6387 3861
3623 9533
60 1718
7904 5168
2998 9210
7416 9655
9342 7543
5914 1317
5312 5206
8694 4064
4507 7164
1425 727
1944 7227
5393 689
2267 8227
5801 8448
1567 3068
3027 2228
7382 9021
6622 1035
605 829
6976 2938
2594 6446
2592 1645
4205 6195
850 2298
8422 2242
5759 3535
6330 8587
7868 2259
6847 5138
7735 7880
6100 1263
8108 5443
7988 2742
3479 8932
9500 9370
2825 7923
8172 2034
508 1645
3512 6799
472 2506
8089 7925
6187 8076
7739 8154
2448 5585
9425 7658
1098 7555
3170 7836
5229 7803
6909 8463
8864 8968
2286 9102
1612 5940
7628 2074
1199 1201
7831 578
304 9979
799 703
8352 1537
3477 6808
9192 2463
2347 1270
8335 4103
9136 8662
179 8925
4942 6063
68 1370
2257 9811
8582 2879
6576 753
9627 7547
936 1615
1249 1468
8509 3556
5487 7162
9899 5948
5773 4418
2244 4577
7599 5426
6469 3528
8448 6435
5713 1718
2297 4865
7102 96
283 9921
8877 2703
7624 4331
5448 9008
3130 3074
2081 5805
8245 3068
9870 3057
9246 9935
6305 9485
5370 2102
4228 5114
3058 1548
331 8147
2853 2998
4521 3158
4140 6910
7527 3284
3466 6223
433 7787
4058 5504
7029 3987
6318 8573
5741 1076
7680 1867
7303 7983
3002 8296
4787 4897
6906 328
437 1441
1763 712
2685 8697
6357 3661
5499 4392
8821 7699
6952 3372
1188 5126
6610 6202
5702 4231
1752 4999
8034 4438
3506 2156
7399 9682
3553 4779
2207 8847
1919 1744
6855 35
3660 5199
8509 5106
5030 9794
1736 457
8 197
9838 3024
8425 3090
5798 4096
9459 5301
33 9757
9378 6762
120 4439
4297 6849
4627 46
1706 4020
8867 2070
4206 2928
5329 8563
8672 8122
2012 7693
5799 2895
2596 6109
146 4838
8827 4973
3798 8654
4201 5313
7851 3751
6237 2974
273 9216
9961 2875
3195 3199
851 3035
6928 3589
2573 3212
4705 4687
8234 5484
1072 4512
3365 6790
727 414
6256 9651
9230 2321
6458 7025
6757 8963
6274 2423
5330 9117
7368 3139
6389 2086
4251 1931
2686 6011
3237 14
3622 4101
4420 6144
6834 9421
4157 7273
4946 6624
2190 5096
6731 4333
2230 4647
4995 5414
7599 2748
6444 3510
631 8961
8903 5846
8830 2565
6346 2058
6781 4682
515 2369
1117 3342
5872 7169
43 2533
5544 5901
7409 9928
8285 8196
4744 7806
4834 3700
5452 3307
6405 5176
958 9773
8807 8395
5830 5066
5905 1958
2836 1980
4218 3418
362 7916
9393 5168
7267 3255
1527 8945
7449 9988
5567 8722
4066 3392
3831 2162
8984 1015
4220 7250
1024 5910
1614 2707
8181 5282
6911 6682
8643 9108
5034 2450
9310 868
4402 3048
8480 7260
2014 9631
4151 3023
6051 6849
133 8595
1256 9367
8117 6462
4113 4740
5768 5993
2466 770
4905 1566
6191 3296
8820 4642
6149 3658
1753 2646
2431 2297
8016 7289
3041 2564
3273 4380
4991 4071
4548 2973
2505 8229
9284 3885
2807 856
4149 8773
1470 4202
2149 8624
8099 9527
4837 8300
5012 8824
5541 7708
5742 3467
3907 888
1040 4317
2797 7002
2607 2902
4305 583
5084 5493
3517 7550
1259 7969
6420 6493
4867 3048
5556 4256
2139 1331
9090 8856
2057 6889
1290 920
2741 3476
3682 2569
9234 6837
6909 9306
613 6473
2839 7614
2143 2176
6659 390
382 541
5770 5682
3436 9012
3027 7644
1795 5238
8529 482
3593 8159
6478 5915
5607 5674
4151 5507
5384 6107
8651 7682
9422 7084
9713 5650
7158 3913
6972 4385
2224 6472
4939 1316
8043 8123
2934 8313
3721 6230
2005 1782
5341 3764
8383 5944
7991 3479
2301 4733
3357 2436
7062 2219
1393 5582
6683 2247
6761 237
6304 8319
8838 2793
5343 1184
173 7906
5907 5134
9188 7254
5066 1112
8470 7170
1631 4699
4308 7510
6042 175
8059 2884
353 274
6359 5217
7519 5425
4638 4551
8248 2053
5246 7694
2567 8456
9443 8794
2088 3189
1419 8646
4418 2582
5093 5686
570 2085
9400 6288
2914 8026
3299 7227
9324 5393
6805 9106
6446 3851
1189 5097
8641 3807
4288 3540
9271 3624
4301 1387
2344 5839
3423 1996
835 2324
6107 1237
9676 6524
7206 5391
4585 9537
6376 5520
4496 6952
7432 2515
2517 9552
679 2098
1583 8221
354 25
3196 1726
7885 9401
7974 5742
2465 7915
1605 6890
295 4718
7431 5921
8303 1459
5749 2396
5741 3776
4860 4471
555 562
6421 7133
5819 4010
8943 1357
413 9195
2213 6905
7430 418
2560 2870
7194 2114
7232 4831
1969 1433
6744 3305
4156 4650
2248 3888
2113 1419
4614 788
4104 7865
9965 443
9414 4297
7579 3637
7713 3992
5792 7362
857 2599
7725 6145
3010 3036
8200 6483
7542 3815
8541 4162
7395 4436
5089 1483
5849 3309
7646 4784
529 3896
4302 4299
7831 7387
963 503
8975 2578
8067 5781
9562 611
1818 3751
2321 9631
7180 1946
1442 7746
7157 8341
9783 4886
1089 1564
9059 3213
9609 3509
6551 3641
5064 1202
9769 789
2611 2331
4117 5123
8086 3535
4520 6871
3796 6374
4379 1660
286 1785
7611 7126
2146 9487
1174 7065
3359 3619
9274 5110
6977 6973
418 9273
1345 4652
9082 962
4189 1234
5184 5236
2413 4877
751 3285
6684 8717
3973 3638
1027 7173
1546 6061
9142 8646
7296 2761
910 1770
3096 5663
1640 9601
5266 9378
2566 5572
5302 6497
3016 938
3846 5123
970 8883
3839 6239
5269 6934
4729 7997
5690 7656
7399 4662
8605 8525
8883 9579
5913 6657
2257 5166
3660 549
233 5701
9035 7535
985 2313
4110 4133
6068 4860
6453 9779
7992 2634
1184 4753
6784 1909
5499 844
1499 5991
8314 2455
7868 9718
5447 8431
7472 4939
3192 5139
3623 8398
9846 2107
1005 2765
9929 7272
3196 8829
6610 1432
2506 1272
3966 3938
1039 2753
994 3056
1262 9156
4263 2414
861 8968
6338 3734
7544 9747
2610 1376
7437 6666
5736 7363
9693 2230
1910 3082
3698 530
2328 2566
2902 5386
925 36
8742 533
4662 2498
9219 7180
2346 3076
4488 9050
663 1127
8957 2449
4744 1665
2922 5154
2004 660
4702 724
8388 7843
1926 2908
1957 2000
9758 244
6260 5148
9145 7575
3659 3299
1823 1522
1557 8395
7796 8242
1804 1841
985 2517
7295 8760
6963 9834
4979 4926
5767 1886
1966 8677
9092 805
105 6092
2982 256
9041 6869
8052 6324
5622 1106
6752 1006
3769 4445
4350 714
575 3224
9172 685
8625 3893
6245 4254
1569 629
8594 131
8581 6960
2845 9151
1268 5833
3167 1838
9476 4081
2302 3224
4360 948
394 7598
6070 7546
8365 8253
9284 5630
137 6482
3713 8866
410 801
7507 57
3730 1007
2953 65
981 2069
5439 6755
6046 2253
9072 7188
113 5290
7393 8513
15 6235
9717 9820
7789 5051
5986 3889
4018 1818
1108 3505
10 4423
44 9604
5537 8009
4869 5363
2435 223
9140 3719
6635 6196
2417 2203
5066 7936
7034 8922
8755 7536
3397 1240
9186 1814
9301 5839
4662 8141
9023 8288
5319 9697
3496 4695
8337 2545
7692 1520
5210 6832
1076 8176
3496 1197
6368 6910
591 7648
972 2653
8834 2739
6498 3819
2234 2438
772 7295
7666 5610
4316 3575
5738 7167
1942 1989
6256 7748
5796 5174
7098 1725
1373 5773
1079 2528
537 2782
4766 2101
412 1798
5030 4085
3650 6041
9692 1140
5548 5179
7477 5649
8171 2079
266 7586
2913 178
5488 9722
3018 6067
8250 1024
5566 7706
1889 5401
2347 6795
330 7763
4749 7388
6822 5886
5562 3843
4083 6854
5317 8600
9375 8076
5542 4341
5712 6130
8790 7176
5720 752
7621 930
6659 5838
8940 289
4763 4485
758 9580
5193 777
1490 1875
7229 246
4637 8293
7786 1015
1699 2989
6056 24
2368 3734
9578 8904
2836 2041
3207 7050
6198 6075
8994 901
9893 1235
7729 2542
3176 9208
1831 6885
2740 5810
5836 3860
2742 871
7359 4830
3649 2123
1632 9546
3537 7321
7135 2292
2896 8699
4227 166
7890 1125
2356 7840
4317 4581
2019 926
8804 1713
9097 62
8953 3203
2045 750
1861 1231
3272 5826
4010 1493
5879 385
8691 7204
8320 1616
3693 1957
3164 6772
2847 2975
502 6626
6656 4591
4581 3166
1635 444
8358 4879
7252 8022
4453 7777
3243 9288
4606 449
1078 2634
8127 4151
4690 1340
7143 5152
9910 7680
5282 7545
2917 9230
3443 7173
5606 6064
7380 810
6831 1975
1075 317
7046 3695
3360 5581
6648 1433
1724 1032
9464 1181
6882 4681
2554 3717
7945 7202
5235 5208
8165 9013
5811 9925
1414 2474
7235 25
6089 2164
279 3870
6968 6660
3434 2710
5400 9594
1162 9114
7407 1945
9933 7119
1785 7226
5176 2089
7848 3768
4891 354
5958 7653
5657 4286
2618 3960
8059 9764
9301 9713
9489 2008
7958 3567
3035 3980
618 12
3892 7383
3153 5049
6927 4386
1473 170
2893 5976
3368 5527
5501 9551
5765 1151
9664 5425
5979 2283
3556 3267
813 7581
305 7606
1699 6730
1847 7854
4388 526
3014 8485
3561 579
5655 5055
9959 9100
9486 355
6576 5582
4249 5985
3297 536
8634 9714
7920 6221
1432 8379
9454 3945
4879 1602
2346 1167
4092 1629
8671 3221
3785 336
988 4004
7724 7750
478 5623
3515 1370
4940 1243
3411 5437
4888 4806
5796 4890
7025 1791
3379 8830
3866 8799
5855 9831
9190 6341
1865 7705
8047 5850
9067 8931
4357 3312
7683 7604
1585 2199
8623 2898
7626 3085
7818 6635
2328 7221
1849 2425
1442 2005
7058 4427
116 8841
9549 1542
5617 3758
2898 6810
4272 6382
1478 2071
2390 136
2295 5755
9378 9642
8226 7371
445 8022
7655 293
4772 7192
5551 2553
4118 7553
4163 999
6591 1157
4220 5875
6863 8127
4982 4234
3918 5415
3126 355
4918 3098
6252 2699
2322 9541
1539 97
7361 9058
6025 579
3986 6770
1142 2776
6649 1894
3339 6052
2196 5665
883 461
1171 3113
6642 6196
237 154
6985 4964
2123 1189
4104 5491
648 7941
5106 4759
8110 667
5851 3112
3856 9344
7987 5713
819 3420
6174 7956
6235 4110
1493 4202
1461 52
9649 7452
692 4818
672 5865
3154 8596
3593 5524
6499 8193
1400 340
8688 3370
3760 938
5752 2055
4286 1881
7794 8526
7645 1586
6105 9691
9481 6982
5164 1495
5674 4151
6278 5102
9488 5733
1168 1793
1318 5203
5928 3263
7730 4584
3025 180
769 1602
5362 1454
301 2587
5236 8336
315 8980
4180 9211
3141 1157
7870 3262
2759 1864
8845 8608
8908 4216
6984 846
1729 2229
6706 8453
9165 96
1948 8523
1955 907
7229 6787
9354 4703
8532 2849
4213 6351
9042 1263
1659 917
3237 4280
9292 922
7389 3260
8659 635
8014 3355
7094 2149
9599 1408
3986 4752
9637 9660
852 6779
1180 4860
9106 4398
1897 3086
3894 5275
9931 5339
4467 6445
6548 6680
6738 8757
1150 9137
8969 5698
1168 6511
4638 2134
9406 7378
7332 9138
8955 5303
7521 8791
9002 4699
6038 2553
8600 7805
9075 6338
5628 3647
4672 8586
98 7123
1141 4524
497 2633
4870 1418
345 9294
8947 28
1604 425
5830 5394
8190 9852
6183 9220
4467 1431
7511 8574
9696 4681
3789 2688
2411 4841
5185 1486
3489 1277
6011 4064
1981 2714
9207 6999
2879 9560
3757 1996
7659 9544
5302 5474
9350 5869
3875 1912
5657 7170
2177 1549
4713 1508
3301 2392
7835 9712
3748 8784
4978 9284
1081 609
360 2225
3507 3543
694 5836
1581 8656
6476 6870
3182 8074
585 6083
8658 3535
2541 836
8455 5178
4429 5250
279 8571
64 912
3411 4799
433 4491
9862 2957
3343 1276
8403 9105
7406 1682
3737 9842
2407 1997
8232 6315
1760 1535
3724 3127
7759 6690
1081 1666
9870 561
80 8369
585 2712
4139 4388
3574 2309
8864 5648
2925 836
3660 3573
8146 4537
7607 857
2581 8385
5233 2997
6058 5083
1840 1019
7466 5483
4821 4150
1506 129
3163 9868
5314 6560
4209 8748
8836 3124
6134 8241
1953 4961
3541 4541
4245 3883
2755 2643
9998 206
3288 6479
683 3996
1071 6879
8358 5112
255 2906
698 2898
4427 5455
5374 3969
3419 2913
3192 4135
5055 8448
7220 4076
892 7867
2011 1993
8798 1277
277 9896
7258 4235
2894 518
359 759
7885 2412
1669 2867
669 1064
4306 4271
623 4207
9792 6553
6363 6273
2779 6188
9672 9816
1682 889
8447 3702
8209 1939
3522 5122
2074 3372
1262 5668
3525 2757
4930 9391
9853 1497
4440 1502
141 7627
6929 3715
5188 7341
5775 6957
1716 3939
8464 6570
5753 2531
8000 4985
8854 7192
7718 8665
1753 4521
7308 974
1071 9714
1262 2865
7289 819
5015 2782
2786 9740
5112 4194
8480 6173
781 8374
384 7338
5876 4935
7199 738
4308 2757
8932 4478
18 2782
7500 1790
8307 8232
5853 6457
7771 575
7600 6013
9580 5206
4067 2871
8456 1436
670 7011
635 1285
2528 7322
9622 8400
4771 5272
3638 2441
2623 8172
4423 6411
8047 7214
1656 7472
6369 8672
2111 2870
823 9505
2736 612
1188 9241
7203 9205
2910 9904
9020 9992
8329 980
519 1007
1690 3004
9664 9943
3051 1241
9829 2729
4465 820
8216 7811
7237 306
329 6302
5539 6741
6455 5884
5520 6747
747 3231
5627 6233
5939 8641
3319 3622
3576 1481
1323 88
9751 4386
2921 8163
4021 1876
8864 3266
1665 5484
8549 2685
4447 7895
3977 9289
3970 2384
3874 5215
7757 5952
8433 994
73 2082
3006 8554
3181 1064
1989 3911
9849 9723
4969 957
872 4430
2173 1916
2588 5247
545 1892
7725 599
7040 2182
1475 9239
56 5337
3925 5180
3031 2134
7612 3010
3193 2990
9978 2174
8465 5723
4266 2379
8409 8909
4771 7784
5740 7349
1616 9099
3768 273
8904 4937
6559 1336
9646 444
9581 9547
5069 6889
7518 4003
7609 6964
5294 604
2839 7020
7897 2493
55 5407
9999 6402
5040 6905
2957 5373
4193 6929
7640 2669
3529 132
4260 9049
8410 5465
4566 1772
1756 3325
246 4329
4294 8671
1343 8378
2720 7309
